# # Time
0.000000000000000000e+00
1.000976562500000000e-02
2.001953125000000000e-02
2.996826171875000000e-02
3.997802734375000000e-02
4.998779296875000000e-02
5.999755859375000000e-02
7.000732421875000000e-02
8.001708984375000000e-02
8.996582031250000000e-02
9.997558593750000000e-02
1.099853515625000000e-01
1.199951171875000000e-01
1.300048828125000000e-01
1.400146484375000000e-01
1.499633789062500000e-01
1.599731445312500000e-01
1.699829101562500000e-01
1.799926757812500000e-01
1.900024414062500000e-01
2.000122070312500000e-01
2.099609375000000000e-01
2.199707031250000000e-01
2.299804687500000000e-01
2.399902343750000000e-01
2.500000000000000000e-01
2.600097656250000000e-01
2.700195312500000000e-01
2.799682617187500000e-01
2.899780273437500000e-01
2.999877929687500000e-01
3.099975585937500000e-01
3.200073242187500000e-01
3.300170898437500000e-01
3.399658203125000000e-01
3.499755859375000000e-01
3.599853515625000000e-01
3.699951171875000000e-01
3.800048828125000000e-01
3.900146484375000000e-01
3.999633789062500000e-01
4.099731445312500000e-01
4.199829101562500000e-01
4.299926757812500000e-01
4.400024414062500000e-01
4.500122070312500000e-01
4.599609375000000000e-01
4.699707031250000000e-01
4.799804687500000000e-01
4.899902343750000000e-01
5.000000000000000000e-01
5.100097656250000000e-01
5.200195312500000000e-01
5.299682617187500000e-01
5.399780273437500000e-01
5.499877929687500000e-01
5.599975585937500000e-01
5.700073242187500000e-01
5.800170898437500000e-01
5.899658203125000000e-01
5.999755859375000000e-01
6.099853515625000000e-01
6.199951171875000000e-01
6.300048828125000000e-01
6.400146484375000000e-01
6.499633789062500000e-01
6.599731445312500000e-01
6.699829101562500000e-01
6.799926757812500000e-01
6.900024414062500000e-01
7.000122070312500000e-01
7.099609375000000000e-01
7.199707031250000000e-01
7.299804687500000000e-01
7.399902343750000000e-01
7.500000000000000000e-01
7.600097656250000000e-01
7.700195312500000000e-01
7.799682617187500000e-01
7.899780273437500000e-01
7.999877929687500000e-01
8.099975585937500000e-01
8.200073242187500000e-01
8.300170898437500000e-01
8.399658203125000000e-01
8.499755859375000000e-01
8.599853515625000000e-01
8.699951171875000000e-01
8.800048828125000000e-01
8.900146484375000000e-01
8.999633789062500000e-01
9.099731445312500000e-01
9.199829101562500000e-01
9.299926757812500000e-01
9.400024414062500000e-01
9.500122070312500000e-01
9.599609375000000000e-01
9.699707031250000000e-01
9.799804687500000000e-01
9.899902343750000000e-01
1.000000000000000000e+00
1.010009765625000000e+00
1.020019531250000000e+00
1.029968261718750000e+00
1.039978027343750000e+00
1.049987792968750000e+00
1.059997558593750000e+00
1.070007324218750000e+00
1.080017089843750000e+00
1.089965820312500000e+00
1.099975585937500000e+00
1.109985351562500000e+00
1.119995117187500000e+00
1.130004882812500000e+00
1.140014648437500000e+00
1.149963378906250000e+00
1.159973144531250000e+00
1.169982910156250000e+00
1.179992675781250000e+00
1.190002441406250000e+00
1.200012207031250000e+00
1.209960937500000000e+00
1.219970703125000000e+00
1.229980468750000000e+00
1.239990234375000000e+00
1.250000000000000000e+00
1.260009765625000000e+00
1.270019531250000000e+00
1.279968261718750000e+00
1.289978027343750000e+00
1.299987792968750000e+00
1.309997558593750000e+00
1.320007324218750000e+00
1.330017089843750000e+00
1.339965820312500000e+00
1.349975585937500000e+00
1.359985351562500000e+00
1.369995117187500000e+00
1.380004882812500000e+00
1.390014648437500000e+00
1.399963378906250000e+00
1.409973144531250000e+00
1.419982910156250000e+00
1.429992675781250000e+00
1.440002441406250000e+00
1.450012207031250000e+00
1.459960937500000000e+00
1.469970703125000000e+00
1.479980468750000000e+00
1.489990234375000000e+00
1.500000000000000000e+00
1.510009765625000000e+00
1.520019531250000000e+00
1.529968261718750000e+00
1.539978027343750000e+00
1.549987792968750000e+00
1.559997558593750000e+00
1.570007324218750000e+00
1.580017089843750000e+00
1.589965820312500000e+00
1.599975585937500000e+00
1.609985351562500000e+00
1.619995117187500000e+00
1.630004882812500000e+00
1.640014648437500000e+00
1.649963378906250000e+00
1.659973144531250000e+00
1.669982910156250000e+00
1.679992675781250000e+00
1.690002441406250000e+00
1.700012207031250000e+00
1.709960937500000000e+00
1.719970703125000000e+00
1.729980468750000000e+00
1.739990234375000000e+00
1.750000000000000000e+00
1.760009765625000000e+00
1.770019531250000000e+00
1.779968261718750000e+00
1.789978027343750000e+00
1.799987792968750000e+00
1.809997558593750000e+00
1.820007324218750000e+00
1.830017089843750000e+00
1.839965820312500000e+00
1.849975585937500000e+00
1.859985351562500000e+00
1.869995117187500000e+00
1.880004882812500000e+00
1.890014648437500000e+00
1.899963378906250000e+00
1.909973144531250000e+00
1.919982910156250000e+00
1.929992675781250000e+00
1.940002441406250000e+00
1.950012207031250000e+00
1.959960937500000000e+00
1.969970703125000000e+00
1.979980468750000000e+00
1.989990234375000000e+00
