# # Time
0.000000000000000000e+00
1.000000843450976618e-02
2.000001686901242692e-02
3.000002530352219310e-02
4.000003373802485385e-02
5.000004217253462002e-02
6.000005060703728077e-02
7.000005904154704695e-02
8.000006747604970769e-02
9.000007591055947387e-02
1.000000843450621346e-01
1.100000927795719008e-01
1.200001012140816670e-01
1.300001096485843277e-01
1.400001180830940939e-01
1.500001265175967546e-01
1.600001349521065208e-01
1.700001433866091816e-01
1.800001518211189477e-01
1.900001602556216085e-01
2.000001686901313747e-01
2.100001771246340354e-01
2.200001855591438016e-01
2.300001939936464623e-01
2.400002024281562285e-01
2.500002108626659947e-01
2.600002192971686554e-01
2.700002277316784216e-01
2.800002361661810824e-01
2.900002446006908485e-01
3.000002530351935093e-01
3.100002614697032755e-01
3.200002699042059362e-01
3.300002783387157024e-01
3.400002867732183631e-01
3.500002952077281293e-01
3.600003036422378955e-01
3.700003120767405562e-01
3.800003205112503224e-01
3.900003289457529831e-01
4.000003373802627493e-01
4.100003458147654101e-01
4.200003542492751762e-01
4.300003626837778370e-01
4.400003711182876032e-01
4.500003795527902639e-01
4.600003879873000301e-01
4.700003964218097963e-01
4.800004048563124570e-01
4.900004132908222232e-01
5.000004217253248839e-01
5.100004301598346501e-01
5.200004385943373109e-01
5.300004470288470770e-01
5.400004554633497378e-01
5.500004638978595040e-01
5.600004723323621647e-01
5.700004807668719309e-01
5.800004892013745916e-01
5.900004976358843578e-01
6.000005060703941240e-01
6.100005145048967847e-01
6.200005229394065509e-01
6.300005313739092117e-01
6.400005398084189778e-01
6.500005482429216386e-01
6.600005566774314048e-01
6.700005651119340655e-01
6.800005735464438317e-01
6.900005819809464924e-01
7.000005904154562586e-01
7.100005988499660248e-01
7.200006072844686855e-01
7.300006157189784517e-01
7.400006241534811124e-01
7.500006325879908786e-01
7.600006410224935394e-01
7.700006494570033055e-01
7.800006578915059663e-01
7.900006663260157325e-01
8.000006747605183932e-01
8.100006831950281594e-01
8.200006916295308201e-01
8.300007000640405863e-01
8.400007084985503525e-01
8.500007169330530132e-01
8.600007253675627794e-01
8.700007338020654402e-01
8.800007422365752063e-01
8.900007506710778671e-01
9.000007591055876333e-01
9.100007675400902940e-01
9.200007759746000602e-01
9.300007844091027209e-01
9.400007928436124871e-01
9.500008012781222533e-01
9.600008097126249140e-01
9.700008181471346802e-01
9.800008265816373410e-01
9.900008350161471071e-01
1.000000843450649768e+00
1.010000851885159534e+00
1.020000860319662195e+00
1.030000868754171961e+00
1.040000877188674622e+00
1.050000885623184388e+00
1.060000894057694154e+00
1.070000902492196815e+00
1.080000910926706581e+00
1.090000919361209242e+00
1.100000927795719008e+00
1.110000936230221669e+00
1.120000944664731435e+00
1.130000953099234096e+00
1.140000961533743862e+00
1.150000969968246523e+00
1.160000978402756289e+00
1.170000986837266055e+00
1.180000995271768716e+00
1.190001003706278482e+00
1.200001012140781143e+00
1.210001020575290909e+00
1.220001029009793569e+00
1.230001037444303336e+00
1.240001045878805996e+00
1.250001054313315763e+00
1.260001062747818423e+00
1.270001071182328189e+00
1.280001079616830850e+00
1.290001088051340616e+00
1.300001096485850383e+00
1.310001104920353043e+00
1.320001113354862810e+00
1.330001121789365470e+00
1.340001130223875236e+00
1.350001138658377897e+00
1.360001147092887663e+00
1.370001155527390324e+00
1.380001163961900090e+00
1.390001172396402751e+00
1.400001180830912517e+00
1.410001189265422283e+00
1.420001197699924944e+00
1.430001206134434710e+00
1.440001214568937371e+00
1.450001223003447137e+00
1.460001231437949798e+00
1.470001239872459564e+00
1.480001248306962225e+00
1.490001256741471991e+00
1.500001265175974652e+00
1.510001273610484418e+00
1.520001282044987079e+00
1.530001290479496845e+00
1.540001298914006611e+00
1.550001307348509272e+00
1.560001315783019038e+00
1.570001324217521699e+00
1.580001332652031465e+00
1.590001341086534126e+00
1.600001349521043892e+00
1.610001357955546553e+00
1.620001366390056319e+00
1.630001374824558980e+00
1.640001383259068746e+00
1.650001391693578512e+00
1.660001400128081173e+00
1.670001408562590939e+00
1.680001416997093600e+00
1.690001425431603366e+00
1.700001433866106026e+00
1.710001442300615793e+00
1.720001450735118453e+00
1.730001459169628220e+00
1.740001467604130880e+00
1.750001476038640646e+00
1.760001484473150413e+00
1.770001492907653073e+00
1.780001501342162840e+00
1.790001509776665500e+00
1.800001518211175267e+00
1.810001526645677927e+00
1.820001535080187693e+00
1.830001543514690354e+00
1.840001551949200120e+00
1.850001560383702781e+00
1.860001568818212547e+00
1.870001577252722313e+00
1.880001585687224974e+00
1.890001594121734740e+00
1.900001602556237401e+00
1.910001610990747167e+00
1.920001619425249828e+00
1.930001627859759594e+00
1.940001636294262255e+00
1.950001644728772021e+00
1.960001653163274682e+00
1.970001661597784448e+00
1.980001670032287109e+00
1.990001678466796875e+00
