# # Time
0.000000000000000000e+00
9.999989265175202036e-03
1.999997853035040407e-02
2.999996779551850068e-02
3.999995706069370272e-02
4.999994632586890475e-02
5.999993559104410679e-02
6.999992485621220339e-02
7.999991412138740543e-02
8.999990338656260747e-02
9.999989265173780950e-02
1.099998819169059061e-01
1.199998711820811081e-01
1.299998604472563102e-01
1.399998497124315122e-01
1.499998389775996088e-01
1.599998282427748109e-01
1.699998175079500129e-01
1.799998067731252149e-01
1.899997960383004170e-01
1.999997853034685136e-01
2.099997745686437156e-01
2.199997638338189176e-01
2.299997530989941197e-01
2.399997423641622163e-01
2.499997316293374183e-01
2.599997208945126204e-01
2.699997101596878224e-01
2.799996994248559190e-01
2.899996886900311210e-01
2.999996779552063231e-01
3.099996672203815251e-01
3.199996564855496217e-01
3.299996457507248238e-01
3.399996350159000258e-01
3.499996242810752278e-01
3.599996135462504299e-01
3.699996028114185265e-01
3.799995920765937285e-01
3.899995813417689305e-01
3.999995706069441326e-01
4.099995598721122292e-01
4.199995491372874312e-01
4.299995384024626333e-01
4.399995276676378353e-01
4.499995169328059319e-01
4.599995061979811339e-01
4.699994954631563360e-01
4.799994847283315380e-01
4.899994739934996346e-01
4.999994632586748367e-01
5.099994525238500387e-01
5.199994417890252407e-01
5.299994310541933373e-01
5.399994203193685394e-01
5.499994095845437414e-01
5.599993988497189434e-01
5.699993881148941455e-01
5.799993773800622421e-01
5.899993666452374441e-01
5.999993559104126462e-01
6.099993451755878482e-01
6.199993344407559448e-01
6.299993237059311468e-01
6.399993129711063489e-01
6.499993022362815509e-01
6.599992915014496475e-01
6.699992807666248495e-01
6.799992700318000516e-01
6.899992592969752536e-01
6.999992485621433502e-01
7.099992378273185523e-01
7.199992270924937543e-01
7.299992163576689563e-01
7.399992056228441584e-01
7.499991948880122550e-01
7.599991841531874570e-01
7.699991734183626590e-01
7.799991626835378611e-01
7.899991519487059577e-01
7.999991412138811597e-01
8.099991304790563618e-01
8.199991197442315638e-01
8.299991090093996604e-01
8.399990982745748624e-01
8.499990875397500645e-01
8.599990768049252665e-01
8.699990660700933631e-01
8.799990553352685652e-01
8.899990446004437672e-01
8.999990338656189692e-01
9.099990231307941713e-01
9.199990123959622679e-01
9.299990016611374699e-01
9.399989909263126719e-01
9.499989801914878740e-01
9.599989694566559706e-01
9.699989587218311726e-01
9.799989479870063747e-01
9.899989372521815767e-01
9.999989265173496733e-01
1.009998915782524875e+00
1.019998905047700077e+00
1.029998894312875279e+00
1.039998883578043376e+00
1.049998872843218578e+00
1.059998862108393780e+00
1.069998851373568982e+00
1.079998840638737079e+00
1.089998829903912281e+00
1.099998819169087483e+00
1.109998808434262685e+00
1.119998797699437887e+00
1.129998786964605983e+00
1.139998776229781186e+00
1.149998765494956388e+00
1.159998754760131590e+00
1.169998744025299686e+00
1.179998733290474888e+00
1.189998722555650090e+00
1.199998711820825292e+00
1.209998701085993389e+00
1.219998690351168591e+00
1.229998679616343793e+00
1.239998668881518995e+00
1.249998658146694197e+00
1.259998647411862294e+00
1.269998636677037496e+00
1.279998625942212698e+00
1.289998615207387900e+00
1.299998604472555996e+00
1.309998593737731198e+00
1.319998583002906400e+00
1.329998572268081602e+00
1.339998561533249699e+00
1.349998550798424901e+00
1.359998540063600103e+00
1.369998529328775305e+00
1.379998518593943402e+00
1.389998507859118604e+00
1.399998497124293806e+00
1.409998486389469008e+00
1.419998475654637105e+00
1.429998464919812307e+00
1.439998454184987509e+00
1.449998443450162711e+00
1.459998432715337913e+00
1.469998421980506009e+00
1.479998411245681211e+00
1.489998400510856413e+00
1.499998389776031615e+00
1.509998379041199712e+00
1.519998368306374914e+00
1.529998357571550116e+00
1.539998346836725318e+00
1.549998336101893415e+00
1.559998325367068617e+00
1.569998314632243819e+00
1.579998303897419021e+00
1.589998293162587117e+00
1.599998282427762319e+00
1.609998271692937521e+00
1.619998260958112724e+00
1.629998250223287926e+00
1.639998239488456022e+00
1.649998228753631224e+00
1.659998218018806426e+00
1.669998207283981628e+00
1.679998196549149725e+00
1.689998185814324927e+00
1.699998175079500129e+00
1.709998164344675331e+00
1.719998153609843428e+00
1.729998142875018630e+00
1.739998132140193832e+00
1.749998121405369034e+00
1.759998110670537130e+00
1.769998099935712332e+00
1.779998089200887534e+00
1.789998078466062736e+00
1.799998067731237938e+00
1.809998056996406035e+00
1.819998046261581237e+00
1.829998035526756439e+00
1.839998024791931641e+00
1.849998014057099738e+00
1.859998003322274940e+00
1.869997992587450142e+00
1.879997981852625344e+00
1.889997971117793440e+00
1.899997960382968643e+00
1.909997949648143845e+00
1.919997938913319047e+00
1.929997928178487143e+00
1.939997917443662345e+00
1.949997906708837547e+00
1.959997895974012749e+00
1.969997885239180846e+00
1.979997874504356048e+00
1.989997863769531250e+00
