# # Time
0.000000000000000000e+00
1.999999999998181011e-02
3.999999999996362021e-02
6.000000000017280399e-02
8.000000000015461410e-02
1.000000000001364242e-01
1.200000000001182343e-01
1.400000000001000444e-01
1.600000000000818545e-01
1.800000000000636646e-01
2.000000000000454747e-01
2.200000000000272848e-01
2.400000000000090949e-01
2.599999999999909051e-01
2.799999999999727152e-01
2.999999999999545253e-01
3.200000000001637090e-01
3.400000000001455192e-01
3.600000000001273293e-01
3.800000000001091394e-01
4.000000000000909495e-01
4.200000000000727596e-01
4.400000000000545697e-01
4.600000000000363798e-01
4.800000000000181899e-01
5.000000000000000000e-01
5.199999999999818101e-01
5.399999999999636202e-01
5.600000000001728040e-01
5.800000000001546141e-01
6.000000000001364242e-01
6.200000000001182343e-01
6.400000000001000444e-01
6.600000000000818545e-01
6.800000000000636646e-01
7.000000000000454747e-01
7.200000000000272848e-01
7.400000000000090949e-01
7.599999999999909051e-01
7.799999999999727152e-01
7.999999999999545253e-01
8.200000000001637090e-01
8.400000000001455192e-01
8.600000000001273293e-01
8.800000000001091394e-01
9.000000000000909495e-01
9.200000000000727596e-01
9.400000000000545697e-01
9.600000000000363798e-01
9.800000000000181899e-01
1.000000000000000000e+00
1.019999999999981810e+00
1.039999999999963620e+00
1.060000000000172804e+00
1.080000000000154614e+00
1.100000000000136424e+00
1.120000000000118234e+00
1.140000000000100044e+00
1.160000000000081855e+00
1.180000000000063665e+00
1.200000000000045475e+00
1.220000000000027285e+00
1.240000000000009095e+00
1.259999999999990905e+00
1.279999999999972715e+00
1.299999999999954525e+00
1.320000000000163709e+00
1.340000000000145519e+00
1.360000000000127329e+00
1.380000000000109139e+00
1.400000000000090949e+00
1.420000000000072760e+00
1.440000000000054570e+00
1.460000000000036380e+00
1.480000000000018190e+00
1.500000000000000000e+00
1.519999999999981810e+00
1.539999999999963620e+00
1.560000000000172804e+00
1.580000000000154614e+00
1.600000000000136424e+00
1.620000000000118234e+00
1.640000000000100044e+00
1.660000000000081855e+00
1.680000000000063665e+00
1.700000000000045475e+00
1.720000000000027285e+00
1.740000000000009095e+00
1.759999999999990905e+00
1.779999999999972715e+00
1.799999999999954525e+00
1.820000000000163709e+00
1.840000000000145519e+00
1.860000000000127329e+00
1.880000000000109139e+00
1.900000000000090949e+00
1.920000000000072760e+00
1.940000000000054570e+00
1.960000000000036380e+00
1.980000000000018190e+00
