# # Time
0.000000000000000000e+00
1.000056434509133396e-02
2.000112869041004160e-02
3.000169303550137556e-02
4.000225738059270952e-02
5.000282172591141716e-02
6.000338607100275112e-02
7.000395041609408509e-02
8.000451476141279272e-02
9.000507910650412668e-02
1.000056434515954606e-01
1.100062077966867946e-01
1.200067721420055022e-01
1.300073364870968362e-01
1.400079008321881702e-01
1.500084651775068778e-01
1.600090295225982118e-01
1.700095938676895457e-01
1.800101582130082534e-01
1.900107225580995873e-01
2.000112869031909213e-01
2.100118512485096289e-01
2.200124155936009629e-01
2.300129799386922969e-01
2.400135442840110045e-01
2.500141086291023385e-01
2.600146729741936724e-01
2.700152373195123801e-01
2.800158016646037140e-01
2.900163660096950480e-01
3.000169303547863819e-01
3.100174947001050896e-01
3.200180590451964235e-01
3.300186233902877575e-01
3.400191877356064651e-01
3.500197520806977991e-01
3.600203164257891331e-01
3.700208807711078407e-01
3.800214451161991747e-01
3.900220094612905086e-01
4.000225738066092163e-01
4.100231381517005502e-01
4.200237024967918842e-01
4.300242668421105918e-01
4.400248311872019258e-01
4.500253955322932597e-01
4.600259598776119674e-01
4.700265242227033013e-01
4.800270885677946353e-01
4.900276529131133429e-01
5.000282172582046769e-01
5.100287816032960109e-01
5.200293459483873448e-01
5.300299102937060525e-01
5.400304746387973864e-01
5.500310389838887204e-01
5.600316033292074280e-01
5.700321676742987620e-01
5.800327320193900960e-01
5.900332963647088036e-01
6.000338607098001376e-01
6.100344250548914715e-01
6.200349894002101792e-01
6.300355537453015131e-01
6.400361180903928471e-01
6.500366824357115547e-01
6.600372467808028887e-01
6.700378111258942226e-01
6.800383754712129303e-01
6.900389398163042642e-01
7.000395041613955982e-01
7.100400685064869322e-01
7.200406328518056398e-01
7.300411971968969738e-01
7.400417615419883077e-01
7.500423258873070154e-01
7.600428902323983493e-01
7.700434545774896833e-01
7.800440189228083909e-01
7.900445832678997249e-01
8.000451476129910588e-01
8.100457119583097665e-01
8.200462763034011004e-01
8.300468406484924344e-01
8.400474049938111420e-01
8.500479693389024760e-01
8.600485336839938100e-01
8.700490980293125176e-01
8.800496623744038516e-01
8.900502267194951855e-01
9.000507910645865195e-01
9.100513554099052271e-01
9.200519197549965611e-01
9.300524841000878951e-01
9.400530484454066027e-01
9.500536127904979367e-01
9.600541771355892706e-01
9.700547414809079783e-01
9.800553058259993122e-01
9.900558701710906462e-01
1.000056434516409354e+00
1.010056998861500688e+00
1.020057563206592022e+00
1.030058127551910729e+00
1.040058691897002063e+00
1.050059256242093397e+00
1.060059820587412105e+00
1.070060384932503439e+00
1.080060949277594773e+00
1.090061513622913481e+00
1.100062077968004814e+00
1.110062642313096148e+00
1.120063206658187482e+00
1.130063771003506190e+00
1.140064335348597524e+00
1.150064899693688858e+00
1.160065464039007566e+00
1.170066028384098900e+00
1.180066592729190234e+00
1.190067157074508941e+00
1.200067721419600275e+00
1.210068285764691609e+00
1.220068850110010317e+00
1.230069414455101651e+00
1.240069978800192985e+00
1.250070543145511692e+00
1.260071107490603026e+00
1.270071671835694360e+00
1.280072236181013068e+00
1.290072800526104402e+00
1.300073364871195736e+00
1.310073929216287070e+00
1.320074493561605777e+00
1.330075057906697111e+00
1.340075622251788445e+00
1.350076186597107153e+00
1.360076750942198487e+00
1.370077315287289821e+00
1.380077879632608528e+00
1.390078443977699862e+00
1.400079008322791196e+00
1.410079572668109904e+00
1.420080137013201238e+00
1.430080701358292572e+00
1.440081265703611280e+00
1.450081830048702614e+00
1.460082394393793948e+00
1.470082958739112655e+00
1.480083523084203989e+00
1.490084087429295323e+00
1.500084651774386657e+00
1.510085216119705365e+00
1.520085780464796699e+00
1.530086344809888033e+00
1.540086909155206740e+00
1.550087473500298074e+00
1.560088037845389408e+00
1.570088602190708116e+00
1.580089166535799450e+00
1.590089730880890784e+00
1.600090295226209491e+00
1.610090859571300825e+00
1.620091423916392159e+00
1.630091988261710867e+00
1.640092552606802201e+00
1.650093116951893535e+00
1.660093681297212242e+00
1.670094245642303576e+00
1.680094809987394910e+00
1.690095374332713618e+00
1.700095938677804952e+00
1.710096503022896286e+00
1.720097067367987620e+00
1.730097631713306328e+00
1.740098196058397662e+00
1.750098760403488996e+00
1.760099324748807703e+00
1.770099889093899037e+00
1.780100453438990371e+00
1.790101017784309079e+00
1.800101582129400413e+00
1.810102146474491747e+00
1.820102710819810454e+00
1.830103275164901788e+00
1.840103839509993122e+00
1.850104403855311830e+00
1.860104968200403164e+00
1.870105532545494498e+00
1.880106096890813205e+00
1.890106661235904539e+00
1.900107225580995873e+00
1.910107789926087207e+00
1.920108354271405915e+00
1.930108918616497249e+00
1.940109482961588583e+00
1.950110047306907290e+00
1.960110611651998624e+00
1.970111175997089958e+00
1.980111740342408666e+00
1.990112304687500000e+00
