# # Time
0.000000000000000000e+00
9.994506835937500000e-03
1.999664306640625000e-02
2.999877929687500000e-02
3.999328613281250000e-02
4.999542236328125000e-02
5.999755859375000000e-02
6.999969482421875000e-02
7.999420166015625000e-02
8.999633789062500000e-02
9.999847412109375000e-02
1.099929809570312500e-01
1.199951171875000000e-01
1.299972534179687500e-01
1.399993896484375000e-01
1.499938964843750000e-01
1.599960327148437500e-01
1.699981689453125000e-01
1.799926757812500000e-01
1.899948120117187500e-01
1.999969482421875000e-01
2.099990844726562500e-01
2.199935913085937500e-01
2.299957275390625000e-01
2.399978637695312500e-01
2.500000000000000000e-01
2.599945068359375000e-01
2.699966430664062500e-01
2.799987792968750000e-01
2.899932861328125000e-01
2.999954223632812500e-01
3.099975585937500000e-01
3.199996948242187500e-01
3.299942016601562500e-01
3.399963378906250000e-01
3.499984741210937500e-01
3.599929809570312500e-01
3.699951171875000000e-01
3.799972534179687500e-01
3.899993896484375000e-01
3.999938964843750000e-01
4.099960327148437500e-01
4.199981689453125000e-01
4.299926757812500000e-01
4.399948120117187500e-01
4.499969482421875000e-01
4.599990844726562500e-01
4.699935913085937500e-01
4.799957275390625000e-01
4.899978637695312500e-01
5.000000000000000000e-01
5.099945068359375000e-01
5.199966430664062500e-01
5.299987792968750000e-01
5.399932861328125000e-01
5.499954223632812500e-01
5.599975585937500000e-01
5.699996948242187500e-01
5.799942016601562500e-01
5.899963378906250000e-01
5.999984741210937500e-01
6.099929809570312500e-01
6.199951171875000000e-01
6.299972534179687500e-01
6.399993896484375000e-01
6.499938964843750000e-01
6.599960327148437500e-01
6.699981689453125000e-01
6.799926757812500000e-01
6.899948120117187500e-01
6.999969482421875000e-01
7.099990844726562500e-01
7.199935913085937500e-01
7.299957275390625000e-01
7.399978637695312500e-01
7.500000000000000000e-01
7.599945068359375000e-01
7.699966430664062500e-01
7.799987792968750000e-01
7.899932861328125000e-01
7.999954223632812500e-01
8.099975585937500000e-01
8.199996948242187500e-01
8.299942016601562500e-01
8.399963378906250000e-01
8.499984741210937500e-01
8.599929809570312500e-01
8.699951171875000000e-01
8.799972534179687500e-01
8.899993896484375000e-01
8.999938964843750000e-01
9.099960327148437500e-01
9.199981689453125000e-01
9.299926757812500000e-01
9.399948120117187500e-01
9.499969482421875000e-01
9.599990844726562500e-01
9.699935913085937500e-01
9.799957275390625000e-01
9.899978637695312500e-01
1.000000000000000000e+00
1.009994506835937500e+00
1.019996643066406250e+00
1.029998779296875000e+00
1.039993286132812500e+00
1.049995422363281250e+00
1.059997558593750000e+00
1.069999694824218750e+00
1.079994201660156250e+00
1.089996337890625000e+00
1.099998474121093750e+00
1.109992980957031250e+00
1.119995117187500000e+00
1.129997253417968750e+00
1.139999389648437500e+00
1.149993896484375000e+00
1.159996032714843750e+00
1.169998168945312500e+00
1.179992675781250000e+00
1.189994812011718750e+00
1.199996948242187500e+00
1.209999084472656250e+00
1.219993591308593750e+00
1.229995727539062500e+00
1.239997863769531250e+00
1.250000000000000000e+00
1.259994506835937500e+00
1.269996643066406250e+00
1.279998779296875000e+00
1.289993286132812500e+00
1.299995422363281250e+00
1.309997558593750000e+00
1.319999694824218750e+00
1.329994201660156250e+00
1.339996337890625000e+00
1.349998474121093750e+00
1.359992980957031250e+00
1.369995117187500000e+00
1.379997253417968750e+00
1.389999389648437500e+00
1.399993896484375000e+00
1.409996032714843750e+00
1.419998168945312500e+00
1.429992675781250000e+00
1.439994812011718750e+00
1.449996948242187500e+00
1.459999084472656250e+00
1.469993591308593750e+00
1.479995727539062500e+00
1.489997863769531250e+00
1.500000000000000000e+00
1.509994506835937500e+00
1.519996643066406250e+00
1.529998779296875000e+00
1.539993286132812500e+00
1.549995422363281250e+00
1.559997558593750000e+00
1.569999694824218750e+00
1.579994201660156250e+00
1.589996337890625000e+00
1.599998474121093750e+00
1.609992980957031250e+00
1.619995117187500000e+00
1.629997253417968750e+00
1.639999389648437500e+00
1.649993896484375000e+00
1.659996032714843750e+00
1.669998168945312500e+00
1.679992675781250000e+00
1.689994812011718750e+00
1.699996948242187500e+00
1.709999084472656250e+00
1.719993591308593750e+00
1.729995727539062500e+00
1.739997863769531250e+00
1.750000000000000000e+00
1.759994506835937500e+00
1.769996643066406250e+00
1.779998779296875000e+00
1.789993286132812500e+00
1.799995422363281250e+00
1.809997558593750000e+00
1.819999694824218750e+00
1.829994201660156250e+00
1.839996337890625000e+00
1.849998474121093750e+00
1.859992980957031250e+00
1.869995117187500000e+00
1.879997253417968750e+00
1.889999389648437500e+00
1.899993896484375000e+00
1.909996032714843750e+00
1.919998168945312500e+00
1.929992675781250000e+00
1.939994812011718750e+00
1.949996948242187500e+00
1.959999084472656250e+00
1.969993591308593750e+00
1.979995727539062500e+00
1.989997863769531250e+00
