# # Time
0.000000000000000000e+00
1.000976562500000000e-02
2.001953125000000000e-02
3.002929687500000000e-02
4.003906250000000000e-02
5.004882812500000000e-02
5.993652343750000000e-02
6.994628906250000000e-02
7.995605468750000000e-02
8.996582031250000000e-02
9.997558593750000000e-02
1.099853515625000000e-01
1.199951171875000000e-01
1.300048828125000000e-01
1.400146484375000000e-01
1.500244140625000000e-01
1.600341796875000000e-01
1.700439453125000000e-01
1.799316406250000000e-01
1.899414062500000000e-01
1.999511718750000000e-01
2.099609375000000000e-01
2.199707031250000000e-01
2.299804687500000000e-01
2.399902343750000000e-01
2.500000000000000000e-01
2.600097656250000000e-01
2.700195312500000000e-01
2.800292968750000000e-01
2.900390625000000000e-01
3.000488281250000000e-01
3.099365234375000000e-01
3.199462890625000000e-01
3.299560546875000000e-01
3.399658203125000000e-01
3.499755859375000000e-01
3.599853515625000000e-01
3.699951171875000000e-01
3.800048828125000000e-01
3.900146484375000000e-01
4.000244140625000000e-01
4.100341796875000000e-01
4.200439453125000000e-01
4.299316406250000000e-01
4.399414062500000000e-01
4.499511718750000000e-01
4.599609375000000000e-01
4.699707031250000000e-01
4.799804687500000000e-01
4.899902343750000000e-01
5.000000000000000000e-01
5.100097656250000000e-01
5.200195312500000000e-01
5.300292968750000000e-01
5.400390625000000000e-01
5.500488281250000000e-01
5.599365234375000000e-01
5.699462890625000000e-01
5.799560546875000000e-01
5.899658203125000000e-01
5.999755859375000000e-01
6.099853515625000000e-01
6.199951171875000000e-01
6.300048828125000000e-01
6.400146484375000000e-01
6.500244140625000000e-01
6.600341796875000000e-01
6.700439453125000000e-01
6.799316406250000000e-01
6.899414062500000000e-01
6.999511718750000000e-01
7.099609375000000000e-01
7.199707031250000000e-01
7.299804687500000000e-01
7.399902343750000000e-01
7.500000000000000000e-01
7.600097656250000000e-01
7.700195312500000000e-01
7.800292968750000000e-01
7.900390625000000000e-01
8.000488281250000000e-01
8.099365234375000000e-01
8.199462890625000000e-01
8.299560546875000000e-01
8.399658203125000000e-01
8.499755859375000000e-01
8.599853515625000000e-01
8.699951171875000000e-01
8.800048828125000000e-01
8.900146484375000000e-01
9.000244140625000000e-01
9.100341796875000000e-01
9.200439453125000000e-01
9.299316406250000000e-01
9.399414062500000000e-01
9.499511718750000000e-01
9.599609375000000000e-01
9.699707031250000000e-01
9.799804687500000000e-01
9.899902343750000000e-01
1.000000000000000000e+00
1.010009765625000000e+00
1.020019531250000000e+00
1.030029296875000000e+00
1.040039062500000000e+00
1.050048828125000000e+00
1.059936523437500000e+00
1.069946289062500000e+00
1.079956054687500000e+00
1.089965820312500000e+00
1.099975585937500000e+00
1.109985351562500000e+00
1.119995117187500000e+00
1.130004882812500000e+00
1.140014648437500000e+00
1.150024414062500000e+00
1.160034179687500000e+00
1.170043945312500000e+00
1.179931640625000000e+00
1.189941406250000000e+00
1.199951171875000000e+00
1.209960937500000000e+00
1.219970703125000000e+00
1.229980468750000000e+00
1.239990234375000000e+00
1.250000000000000000e+00
1.260009765625000000e+00
1.270019531250000000e+00
1.280029296875000000e+00
1.290039062500000000e+00
1.300048828125000000e+00
1.309936523437500000e+00
1.319946289062500000e+00
1.329956054687500000e+00
1.339965820312500000e+00
1.349975585937500000e+00
1.359985351562500000e+00
1.369995117187500000e+00
1.380004882812500000e+00
1.390014648437500000e+00
1.400024414062500000e+00
1.410034179687500000e+00
1.420043945312500000e+00
1.429931640625000000e+00
1.439941406250000000e+00
1.449951171875000000e+00
1.459960937500000000e+00
1.469970703125000000e+00
1.479980468750000000e+00
1.489990234375000000e+00
1.500000000000000000e+00
1.510009765625000000e+00
1.520019531250000000e+00
1.530029296875000000e+00
1.540039062500000000e+00
1.550048828125000000e+00
1.559936523437500000e+00
1.569946289062500000e+00
1.579956054687500000e+00
1.589965820312500000e+00
1.599975585937500000e+00
1.609985351562500000e+00
1.619995117187500000e+00
1.630004882812500000e+00
1.640014648437500000e+00
1.650024414062500000e+00
1.660034179687500000e+00
1.670043945312500000e+00
1.679931640625000000e+00
1.689941406250000000e+00
1.699951171875000000e+00
1.709960937500000000e+00
1.719970703125000000e+00
1.729980468750000000e+00
1.739990234375000000e+00
1.750000000000000000e+00
1.760009765625000000e+00
1.770019531250000000e+00
1.780029296875000000e+00
1.790039062500000000e+00
1.800048828125000000e+00
1.809936523437500000e+00
1.819946289062500000e+00
1.829956054687500000e+00
1.839965820312500000e+00
1.849975585937500000e+00
1.859985351562500000e+00
1.869995117187500000e+00
1.880004882812500000e+00
1.890014648437500000e+00
1.900024414062500000e+00
1.910034179687500000e+00
1.920043945312500000e+00
1.929931640625000000e+00
1.939941406250000000e+00
1.949951171875000000e+00
1.959960937500000000e+00
1.969970703125000000e+00
1.979980468750000000e+00
1.989990234375000000e+00
