# # Positions
2.000000094994902611e-03
6.000000052154064178e-03
9.999999776482582092e-03
1.400000043213367462e-02
1.799999922513961792e-02
2.199999988079071045e-02
2.600000053644180298e-02
3.000000119209289551e-02
3.400000184774398804e-02
3.799999877810478210e-02
4.199999943375587463e-02
4.600000008940696716e-02
5.000000074505805969e-02
5.400000140070915222e-02
5.799999833106994629e-02
6.199999898672103882e-02
6.599999964237213135e-02
7.000000029802322388e-02
7.400000095367431641e-02
7.799999415874481201e-02
8.200000226497650146e-02
8.599999547004699707e-02
9.000000357627868652e-02
9.399999678134918213e-02
9.800000488758087158e-02
1.019999980926513672e-01
1.060000061988830566e-01
1.099999994039535522e-01
1.140000000596046448e-01
1.180000007152557373e-01
1.219999939203262329e-01
1.260000020265579224e-01
1.299999952316284180e-01
1.340000033378601074e-01
1.380000114440917969e-01
1.419999897480010986e-01
1.459999978542327881e-01
1.500000059604644775e-01
1.539999991655349731e-01
1.579999923706054688e-01
1.620000004768371582e-01
1.660000085830688477e-01
1.700000017881393433e-01
1.739999949932098389e-01
1.780000030994415283e-01
1.820000112056732178e-01
1.859999895095825195e-01
1.899999976158142090e-01
1.940000057220458984e-01
1.979999989271163940e-01
2.019999921321868896e-01
2.060000002384185791e-01
2.100000083446502686e-01
2.140000015497207642e-01
2.179999947547912598e-01
2.220000028610229492e-01
2.260000109672546387e-01
2.299999892711639404e-01
2.339999973773956299e-01
2.380000054836273193e-01
2.419999986886978149e-01
2.459999918937683105e-01
2.500000000000000000e-01
2.540000081062316895e-01
2.580000162124633789e-01
2.619999945163726807e-01
2.660000026226043701e-01
2.700000107288360596e-01
2.739999890327453613e-01
2.779999971389770508e-01
2.820000052452087402e-01
2.860000133514404297e-01
2.899999916553497314e-01
2.939999997615814209e-01
2.980000078678131104e-01
3.019999861717224121e-01
3.059999942779541016e-01
3.100000023841857910e-01
3.140000104904174805e-01
3.180000185966491699e-01
3.219999969005584717e-01
3.260000050067901611e-01
3.299999833106994629e-01
3.339999914169311523e-01
3.379999995231628418e-01
3.420000076293945312e-01
3.460000157356262207e-01
3.499999940395355225e-01
3.540000021457672119e-01
3.580000102519989014e-01
3.619999885559082031e-01
3.659999966621398926e-01
3.700000047683715820e-01
3.740000128746032715e-01
3.779999911785125732e-01
3.819999992847442627e-01
3.860000073909759521e-01
3.899999856948852539e-01
3.939999938011169434e-01
3.980000019073486328e-01
4.020000100135803223e-01
4.060000181198120117e-01
4.099999964237213135e-01
4.140000045299530029e-01
4.179999828338623047e-01
4.219999909400939941e-01
4.259999990463256836e-01
4.300000071525573730e-01
4.340000152587890625e-01
4.379999935626983643e-01
4.420000016689300537e-01
4.460000097751617432e-01
4.499999880790710449e-01
4.539999961853027344e-01
4.580000042915344238e-01
4.620000123977661133e-01
4.659999907016754150e-01
4.699999988079071045e-01
4.740000069141387939e-01
4.779999852180480957e-01
4.819999933242797852e-01
4.860000014305114746e-01
4.900000095367431641e-01
4.940000176429748535e-01
4.979999959468841553e-01
5.019999742507934570e-01
5.060000419616699219e-01
5.099999904632568359e-01
5.139999985694885254e-01
5.180000066757202148e-01
5.219999551773071289e-01
5.260000228881835938e-01
5.299999713897705078e-01
5.340000391006469727e-01
5.379999876022338867e-01
5.420000553131103516e-01
5.460000038146972656e-01
5.499999523162841797e-01
5.540000200271606445e-01
5.579999685287475586e-01
5.620000362396240234e-01
5.659999847412109375e-01
5.700000524520874023e-01
5.740000009536743164e-01
5.779999494552612305e-01
5.820000171661376953e-01
5.859999656677246094e-01
5.900000333786010742e-01
5.939999818801879883e-01
5.980000495910644531e-01
6.019999980926513672e-01
6.059999465942382812e-01
6.100000143051147461e-01
6.139999628067016602e-01
6.180000305175781250e-01
6.219999790191650391e-01
6.260000467300415039e-01
6.299999952316284180e-01
6.340000033378601074e-01
6.380000114440917969e-01
6.419999599456787109e-01
6.460000276565551758e-01
6.499999761581420898e-01
6.540000438690185547e-01
6.579999923706054688e-01
6.620000004768371582e-01
6.660000085830688477e-01
6.699999570846557617e-01
6.740000247955322266e-01
6.779999732971191406e-01
6.820000410079956055e-01
6.859999895095825195e-01
6.899999976158142090e-01
6.940000057220458984e-01
6.979999542236328125e-01
7.020000219345092773e-01
7.059999704360961914e-01
7.100000381469726562e-01
7.139999866485595703e-01
7.180000543594360352e-01
7.220000028610229492e-01
7.259999513626098633e-01
7.300000190734863281e-01
7.339999675750732422e-01
7.380000352859497070e-01
7.419999837875366211e-01
7.460000514984130859e-01
7.500000000000000000e-01
7.539999485015869141e-01
7.580000162124633789e-01
7.619999647140502930e-01
7.660000324249267578e-01
7.699999809265136719e-01
7.740000486373901367e-01
7.779999971389770508e-01
7.819999456405639648e-01
7.860000133514404297e-01
7.899999618530273438e-01
7.940000295639038086e-01
7.979999780654907227e-01
