# # Time
0.000000000000000000e+00
1.000000005385507859e-02
2.000000010771015718e-02
3.000000016156523577e-02
4.000000021542031436e-02
5.000000026927538949e-02
6.000000032313047155e-02
7.000000037698554667e-02
8.000000043084062873e-02
9.000000048469569691e-02
1.000000005385507790e-01
1.100000005924058610e-01
1.200000006462609431e-01
1.300000007001160252e-01
1.400000007539710933e-01
1.500000008078261615e-01
1.600000008616812575e-01
1.700000009155363256e-01
1.800000009693913938e-01
1.900000010232464898e-01
2.000000010771015579e-01
2.100000011309566539e-01
2.200000011848117221e-01
2.300000012386667902e-01
2.400000012925218862e-01
2.500000013463769544e-01
2.600000014002320503e-01
2.700000014540870907e-01
2.800000015079421867e-01
2.900000015617972826e-01
3.000000016156523230e-01
3.100000016695074190e-01
3.200000017233625149e-01
3.300000017772175553e-01
3.400000018310726513e-01
3.500000018849277472e-01
3.600000019387827876e-01
3.700000019926378836e-01
3.800000020464929795e-01
3.900000021003480755e-01
4.000000021542031159e-01
4.100000022080582118e-01
4.200000022619133078e-01
4.300000023157683482e-01
4.400000023696234441e-01
4.500000024234785401e-01
4.600000024773335805e-01
4.700000025311886764e-01
4.800000025850437724e-01
4.900000026388988128e-01
5.000000026927539087e-01
5.100000027466089492e-01
5.200000028004641006e-01
5.300000028543191410e-01
5.400000029081741815e-01
5.500000029620293329e-01
5.600000030158843733e-01
5.700000030697394138e-01
5.800000031235945652e-01
5.900000031774496057e-01
6.000000032313046461e-01
6.100000032851597975e-01
6.200000033390148380e-01
6.300000033928698784e-01
6.400000034467250298e-01
6.500000035005800703e-01
6.600000035544351107e-01
6.700000036082902621e-01
6.800000036621453026e-01
6.900000037160003430e-01
7.000000037698554944e-01
7.100000038237105349e-01
7.200000038775655753e-01
7.300000039314207267e-01
7.400000039852757672e-01
7.500000040391308076e-01
7.600000040929859590e-01
7.700000041468409995e-01
7.800000042006961509e-01
7.900000042545511914e-01
8.000000043084062318e-01
8.100000043622613832e-01
8.200000044161164237e-01
8.300000044699714641e-01
8.400000045238266155e-01
8.500000045776816560e-01
8.600000046315366964e-01
8.700000046853918478e-01
8.800000047392468883e-01
8.900000047931019287e-01
9.000000048469570801e-01
9.100000049008121206e-01
9.200000049546671610e-01
9.300000050085223124e-01
9.400000050623773529e-01
9.500000051162323933e-01
9.600000051700875447e-01
9.700000052239425852e-01
9.800000052777976256e-01
9.900000053316527771e-01
1.000000005385507817e+00
1.010000005439362969e+00
1.020000005493217898e+00
1.030000005547073050e+00
1.040000005600928201e+00
1.050000005654783131e+00
1.060000005708638282e+00
1.070000005762493434e+00
1.080000005816348363e+00
1.090000005870203514e+00
1.100000005924058666e+00
1.110000005977913595e+00
1.120000006031768747e+00
1.130000006085623898e+00
1.140000006139478828e+00
1.150000006193333979e+00
1.160000006247189130e+00
1.170000006301044060e+00
1.180000006354899211e+00
1.190000006408754363e+00
1.200000006462609292e+00
1.210000006516464444e+00
1.220000006570319595e+00
1.230000006624174524e+00
1.240000006678029676e+00
1.250000006731884827e+00
1.260000006785739757e+00
1.270000006839594908e+00
1.280000006893450060e+00
1.290000006947304989e+00
1.300000007001160141e+00
1.310000007055015292e+00
1.320000007108870221e+00
1.330000007162725373e+00
1.340000007216580524e+00
1.350000007270435454e+00
1.360000007324290605e+00
1.370000007378145757e+00
1.380000007432000686e+00
1.390000007485855837e+00
1.400000007539710989e+00
1.410000007593565918e+00
1.420000007647421070e+00
1.430000007701276221e+00
1.440000007755131151e+00
1.450000007808986302e+00
1.460000007862841453e+00
1.470000007916696383e+00
1.480000007970551534e+00
1.490000008024406686e+00
1.500000008078261615e+00
1.510000008132116767e+00
1.520000008185971918e+00
1.530000008239826848e+00
1.540000008293681999e+00
1.550000008347537150e+00
1.560000008401392302e+00
1.570000008455247231e+00
1.580000008509102383e+00
1.590000008562957534e+00
1.600000008616812464e+00
1.610000008670667615e+00
1.620000008724522766e+00
1.630000008778377696e+00
1.640000008832232847e+00
1.650000008886087999e+00
1.660000008939942928e+00
1.670000008993798080e+00
1.680000009047653231e+00
1.690000009101508160e+00
1.700000009155363312e+00
1.710000009209218463e+00
1.720000009263073393e+00
1.730000009316928544e+00
1.740000009370783696e+00
1.750000009424638625e+00
1.760000009478493777e+00
1.770000009532348928e+00
1.780000009586203857e+00
1.790000009640059009e+00
1.800000009693914160e+00
1.810000009747769090e+00
1.820000009801624241e+00
1.830000009855479393e+00
1.840000009909334322e+00
1.850000009963189473e+00
1.860000010017044625e+00
1.870000010070899554e+00
1.880000010124754706e+00
1.890000010178609857e+00
1.900000010232464787e+00
1.910000010286319938e+00
1.920000010340175089e+00
1.930000010394030019e+00
1.940000010447885170e+00
1.950000010501740322e+00
1.960000010555595251e+00
1.970000010609450403e+00
1.980000010663305554e+00
1.990000010717160484e+00
