# # Time
0.000000000000000000e+00
1.000000032917568171e-02
2.000000065835136343e-02
3.000000098752704514e-02
4.000000131670272685e-02
5.000000164587840856e-02
6.000000197505409028e-02
7.000000230422977199e-02
8.000000263340545370e-02
9.000000296258113541e-02
1.000000032917568171e-01
1.100000036209324988e-01
1.200000039501081806e-01
1.300000042792838761e-01
1.400000046084595440e-01
1.500000049376352118e-01
1.600000052668109074e-01
1.700000055959866030e-01
1.800000059251622708e-01
1.900000062543379387e-01
2.000000065835136343e-01
2.100000069126893298e-01
2.200000072418649977e-01
2.300000075710406655e-01
2.400000079002163611e-01
2.500000082293920567e-01
2.600000085585677523e-01
2.700000088877433924e-01
2.800000092169190880e-01
2.900000095460947835e-01
3.000000098752704236e-01
3.100000102044461192e-01
3.200000105336218148e-01
3.300000108627975104e-01
3.400000111919732060e-01
3.500000115211488461e-01
3.600000118503245417e-01
3.700000121795002372e-01
3.800000125086758773e-01
3.900000128378515729e-01
4.000000131670272685e-01
4.100000134962029641e-01
4.200000138253786597e-01
4.300000141545542998e-01
4.400000144837299954e-01
4.500000148129056909e-01
4.600000151420813310e-01
4.700000154712570266e-01
4.800000158004327222e-01
4.900000161296084178e-01
5.000000164587841134e-01
5.100000167879598090e-01
5.200000171171355046e-01
5.300000174463110891e-01
5.400000177754867847e-01
5.500000181046624803e-01
5.600000184338381759e-01
5.700000187630138715e-01
5.800000190921895671e-01
5.900000194213652627e-01
6.000000197505408472e-01
6.100000200797165428e-01
6.200000204088922384e-01
6.300000207380679340e-01
6.400000210672436296e-01
6.500000213964193252e-01
6.600000217255950208e-01
6.700000220547707164e-01
6.800000223839464120e-01
6.900000227131219965e-01
7.000000230422976921e-01
7.100000233714733877e-01
7.200000237006490833e-01
7.300000240298247789e-01
7.400000243590004745e-01
7.500000246881761701e-01
7.600000250173517546e-01
7.700000253465274502e-01
7.800000256757031458e-01
7.900000260048788414e-01
8.000000263340545370e-01
8.100000266632302326e-01
8.200000269924059282e-01
8.300000273215816238e-01
8.400000276507573194e-01
8.500000279799329039e-01
8.600000283091085995e-01
8.700000286382842951e-01
8.800000289674599907e-01
8.900000292966356863e-01
9.000000296258113819e-01
9.100000299549870775e-01
9.200000302841626620e-01
9.300000306133383576e-01
9.400000309425140532e-01
9.500000312716897488e-01
9.600000316008654444e-01
9.700000319300411400e-01
9.800000322592168356e-01
9.900000325883925312e-01
1.000000032917568227e+00
1.010000033246743811e+00
1.020000033575919618e+00
1.030000033905095203e+00
1.040000034234271009e+00
1.050000034563446594e+00
1.060000034892622178e+00
1.070000035221797985e+00
1.080000035550973569e+00
1.090000035880149376e+00
1.100000036209324961e+00
1.110000036538500767e+00
1.120000036867676352e+00
1.130000037196851936e+00
1.140000037526027743e+00
1.150000037855203328e+00
1.160000038184379134e+00
1.170000038513554719e+00
1.180000038842730525e+00
1.190000039171906110e+00
1.200000039501081694e+00
1.210000039830257501e+00
1.220000040159433086e+00
1.230000040488608892e+00
1.240000040817784477e+00
1.250000041146960283e+00
1.260000041476135868e+00
1.270000041805311675e+00
1.280000042134487259e+00
1.290000042463662844e+00
1.300000042792838650e+00
1.310000043122014235e+00
1.320000043451190042e+00
1.330000043780365626e+00
1.340000044109541433e+00
1.350000044438717017e+00
1.360000044767892824e+00
1.370000045097068408e+00
1.380000045426243993e+00
1.390000045755419800e+00
1.400000046084595384e+00
1.410000046413771191e+00
1.420000046742946775e+00
1.430000047072122582e+00
1.440000047401298167e+00
1.450000047730473751e+00
1.460000048059649558e+00
1.470000048388825142e+00
1.480000048718000949e+00
1.490000049047176534e+00
1.500000049376352340e+00
1.510000049705527925e+00
1.520000050034703509e+00
1.530000050363879316e+00
1.540000050693054900e+00
1.550000051022230707e+00
1.560000051351406292e+00
1.570000051680582098e+00
1.580000052009757683e+00
1.590000052338933489e+00
1.600000052668109074e+00
1.610000052997284659e+00
1.620000053326460465e+00
1.630000053655636050e+00
1.640000053984811856e+00
1.650000054313987441e+00
1.660000054643163248e+00
1.670000054972338832e+00
1.680000055301514639e+00
1.690000055630690223e+00
1.700000055959865808e+00
1.710000056289041614e+00
1.720000056618217199e+00
1.730000056947393006e+00
1.740000057276568590e+00
1.750000057605744397e+00
1.760000057934919981e+00
1.770000058264095566e+00
1.780000058593271373e+00
1.790000058922446957e+00
1.800000059251622764e+00
1.810000059580798348e+00
1.820000059909974155e+00
1.830000060239149740e+00
1.840000060568325324e+00
1.850000060897501131e+00
1.860000061226676715e+00
1.870000061555852522e+00
1.880000061885028106e+00
1.890000062214203913e+00
1.900000062543379498e+00
1.910000062872555304e+00
1.920000063201730889e+00
1.930000063530906473e+00
1.940000063860082280e+00
1.950000064189257865e+00
1.960000064518433671e+00
1.970000064847609256e+00
1.980000065176785062e+00
1.990000065505960647e+00
