# # Time
0.000000000000000000e+00
9.999999908410630439e-03
1.999999981682126088e-02
2.999999972523189132e-02
3.999999963364252176e-02
4.999999954205315567e-02
5.999999945046378264e-02
6.999999935887440961e-02
7.999999926728504351e-02
8.999999917569567742e-02
9.999999908410631133e-02
1.099999989925169314e-01
1.199999989009275653e-01
1.299999988093381853e-01
1.399999987177488192e-01
1.499999986261594531e-01
1.599999985345700870e-01
1.699999984429807209e-01
1.799999983513913548e-01
1.899999982598019888e-01
1.999999981682126227e-01
2.099999980766232288e-01
2.199999979850338627e-01
2.299999978934444966e-01
2.399999978018551305e-01
2.499999977102657645e-01
2.599999976186763706e-01
2.699999975270870323e-01
2.799999974354976384e-01
2.899999973439083001e-01
2.999999972523189062e-01
3.099999971607295679e-01
3.199999970691401741e-01
3.299999969775507802e-01
3.399999968859614419e-01
3.499999967943720480e-01
3.599999967027827097e-01
3.699999966111933158e-01
3.799999965196039775e-01
3.899999964280145837e-01
3.999999963364252453e-01
4.099999962448358515e-01
4.199999961532464576e-01
4.299999960616571193e-01
4.399999959700677254e-01
4.499999958784783871e-01
4.599999957868889933e-01
4.699999956952996549e-01
4.799999956037102611e-01
4.899999955121208672e-01
4.999999954205315289e-01
5.099999953289421351e-01
5.199999952373527412e-01
5.299999951457634584e-01
5.399999950541740645e-01
5.499999949625846707e-01
5.599999948709952768e-01
5.699999947794058830e-01
5.799999946878166002e-01
5.899999945962272063e-01
5.999999945046378125e-01
6.099999944130484186e-01
6.199999943214591358e-01
6.299999942298697420e-01
6.399999941382803481e-01
6.499999940466909543e-01
6.599999939551015604e-01
6.699999938635122776e-01
6.799999937719228837e-01
6.899999936803334899e-01
6.999999935887440961e-01
7.099999934971548132e-01
7.199999934055654194e-01
7.299999933139760255e-01
7.399999932223866317e-01
7.499999931307972378e-01
7.599999930392079550e-01
7.699999929476185612e-01
7.799999928560291673e-01
7.899999927644397735e-01
7.999999926728504906e-01
8.099999925812610968e-01
8.199999924896717030e-01
8.299999923980823091e-01
8.399999923064929153e-01
8.499999922149036324e-01
8.599999921233142386e-01
8.699999920317248447e-01
8.799999919401354509e-01
8.899999918485460570e-01
8.999999917569567742e-01
9.099999916653673804e-01
9.199999915737779865e-01
9.299999914821885927e-01
9.399999913905993099e-01
9.499999912990099160e-01
9.599999912074205222e-01
9.699999911158311283e-01
9.799999910242417345e-01
9.899999909326524516e-01
9.999999908410630578e-01
1.009999990749473664e+00
1.019999990657884270e+00
1.029999990566294876e+00
1.039999990474705482e+00
1.049999990383116089e+00
1.059999990291526917e+00
1.069999990199937523e+00
1.079999990108348129e+00
1.089999990016758735e+00
1.099999989925169341e+00
1.109999989833579948e+00
1.119999989741990554e+00
1.129999989650401160e+00
1.139999989558811766e+00
1.149999989467222594e+00
1.159999989375633200e+00
1.169999989284043806e+00
1.179999989192454413e+00
1.189999989100865019e+00
1.199999989009275625e+00
1.209999988917686231e+00
1.219999988826096837e+00
1.229999988734507443e+00
1.239999988642918272e+00
1.249999988551328878e+00
1.259999988459739484e+00
1.269999988368150090e+00
1.279999988276560696e+00
1.289999988184971302e+00
1.299999988093381909e+00
1.309999988001792515e+00
1.319999987910203121e+00
1.329999987818613949e+00
1.339999987727024555e+00
1.349999987635435161e+00
1.359999987543845767e+00
1.369999987452256374e+00
1.379999987360666980e+00
1.389999987269077586e+00
1.399999987177488192e+00
1.409999987085898798e+00
1.419999986994309626e+00
1.429999986902720233e+00
1.439999986811130839e+00
1.449999986719541445e+00
1.459999986627952051e+00
1.469999986536362657e+00
1.479999986444773263e+00
1.489999986353183870e+00
1.499999986261594476e+00
1.509999986170005304e+00
1.519999986078415910e+00
1.529999985986826516e+00
1.539999985895237122e+00
1.549999985803647728e+00
1.559999985712058335e+00
1.569999985620468941e+00
1.579999985528879547e+00
1.589999985437290153e+00
1.599999985345700981e+00
1.609999985254111587e+00
1.619999985162522194e+00
1.629999985070932800e+00
1.639999984979343406e+00
1.649999984887754012e+00
1.659999984796164618e+00
1.669999984704575224e+00
1.679999984612985831e+00
1.689999984521396437e+00
1.699999984429807265e+00
1.709999984338217871e+00
1.719999984246628477e+00
1.729999984155039083e+00
1.739999984063449689e+00
1.749999983971860296e+00
1.759999983880270902e+00
1.769999983788681508e+00
1.779999983697092114e+00
1.789999983605502942e+00
1.799999983513913548e+00
1.809999983422324155e+00
1.819999983330734761e+00
1.829999983239145367e+00
1.839999983147555973e+00
1.849999983055966579e+00
1.859999982964377185e+00
1.869999982872787792e+00
1.879999982781198620e+00
1.889999982689609226e+00
1.899999982598019832e+00
1.909999982506430438e+00
1.919999982414841044e+00
1.929999982323251650e+00
1.939999982231662257e+00
1.949999982140072863e+00
1.959999982048483469e+00
1.969999981956894297e+00
1.979999981865304903e+00
1.989999981773715509e+00
