# # Time
0.000000000000000000e+00
1.000000019496740875e-02
2.000000038993481749e-02
3.000000058490222624e-02
4.000000077986963498e-02
5.000000097483704026e-02
6.000000116980445247e-02
7.000000136477185775e-02
8.000000155973926996e-02
9.000000175470666830e-02
1.000000019496740805e-01
1.100000021446414927e-01
1.200000023396089049e-01
1.300000025345763033e-01
1.400000027295437155e-01
1.500000029245111277e-01
1.600000031194785399e-01
1.700000033144459521e-01
1.800000035094133366e-01
1.900000037043807488e-01
2.000000038993481610e-01
2.100000040943155732e-01
2.200000042892829855e-01
2.300000044842503977e-01
2.400000046792178099e-01
2.500000048741852221e-01
2.600000050691526066e-01
2.700000052641200465e-01
2.800000054590874310e-01
2.900000056540548155e-01
3.000000058490222554e-01
3.100000060439896399e-01
3.200000062389570799e-01
3.300000064339244643e-01
3.400000066288919043e-01
3.500000068238592887e-01
3.600000070188266732e-01
3.700000072137941132e-01
3.800000074087614976e-01
3.900000076037289376e-01
4.000000077986963221e-01
4.100000079936637620e-01
4.200000081886311465e-01
4.300000083835985309e-01
4.400000085785659709e-01
4.500000087735333554e-01
4.600000089685007953e-01
4.700000091634681798e-01
4.800000093584356198e-01
4.900000095534030042e-01
5.000000097483704442e-01
5.100000099433378287e-01
5.200000101383052131e-01
5.300000103332725976e-01
5.400000105282400931e-01
5.500000107232074775e-01
5.600000109181748620e-01
5.700000111131422464e-01
5.800000113081096309e-01
5.900000115030771264e-01
6.000000116980445108e-01
6.100000118930118953e-01
6.200000120879792798e-01
6.300000122829467752e-01
6.400000124779141597e-01
6.500000126728815442e-01
6.600000128678489286e-01
6.700000130628163131e-01
6.800000132577838086e-01
6.900000134527511930e-01
7.000000136477185775e-01
7.100000138426859619e-01
7.200000140376533464e-01
7.300000142326208419e-01
7.400000144275882263e-01
7.500000146225556108e-01
7.600000148175229953e-01
7.700000150124904907e-01
7.800000152074578752e-01
7.900000154024252597e-01
8.000000155973926441e-01
8.100000157923600286e-01
8.200000159873275241e-01
8.300000161822949085e-01
8.400000163772622930e-01
8.500000165722296774e-01
8.600000167671970619e-01
8.700000169621645574e-01
8.800000171571319418e-01
8.900000173520993263e-01
9.000000175470667108e-01
9.100000177420342062e-01
9.200000179370015907e-01
9.300000181319689752e-01
9.400000183269363596e-01
9.500000185219037441e-01
9.600000187168712396e-01
9.700000189118386240e-01
9.800000191068060085e-01
9.900000193017733929e-01
1.000000019496740888e+00
1.010000019691708273e+00
1.020000019886675657e+00
1.030000020081643042e+00
1.040000020276610426e+00
1.050000020471577811e+00
1.060000020666545195e+00
1.070000020861512580e+00
1.080000021056480186e+00
1.090000021251447571e+00
1.100000021446414955e+00
1.110000021641382340e+00
1.120000021836349724e+00
1.130000022031317108e+00
1.140000022226284493e+00
1.150000022421251877e+00
1.160000022616219262e+00
1.170000022811186868e+00
1.180000023006154253e+00
1.190000023201121637e+00
1.200000023396089022e+00
1.210000023591056406e+00
1.220000023786023791e+00
1.230000023980991175e+00
1.240000024175958560e+00
1.250000024370925944e+00
1.260000024565893550e+00
1.270000024760860935e+00
1.280000024955828319e+00
1.290000025150795704e+00
1.300000025345763088e+00
1.310000025540730473e+00
1.320000025735697857e+00
1.330000025930665242e+00
1.340000026125632626e+00
1.350000026320600233e+00
1.360000026515567617e+00
1.370000026710535002e+00
1.380000026905502386e+00
1.390000027100469771e+00
1.400000027295437155e+00
1.410000027490404539e+00
1.420000027685371924e+00
1.430000027880339308e+00
1.440000028075306693e+00
1.450000028270274299e+00
1.460000028465241684e+00
1.470000028660209068e+00
1.480000028855176453e+00
1.490000029050143837e+00
1.500000029245111222e+00
1.510000029440078606e+00
1.520000029635045991e+00
1.530000029830013375e+00
1.540000030024980981e+00
1.550000030219948366e+00
1.560000030414915750e+00
1.570000030609883135e+00
1.580000030804850519e+00
1.590000030999817904e+00
1.600000031194785288e+00
1.610000031389752673e+00
1.620000031584720057e+00
1.630000031779687664e+00
1.640000031974655048e+00
1.650000032169622433e+00
1.660000032364589817e+00
1.670000032559557201e+00
1.680000032754524586e+00
1.690000032949491970e+00
1.700000033144459355e+00
1.710000033339426739e+00
1.720000033534394124e+00
1.730000033729361730e+00
1.740000033924329115e+00
1.750000034119296499e+00
1.760000034314263884e+00
1.770000034509231268e+00
1.780000034704198653e+00
1.790000034899166037e+00
1.800000035094133422e+00
1.810000035289100806e+00
1.820000035484068412e+00
1.830000035679035797e+00
1.840000035874003181e+00
1.850000036068970566e+00
1.860000036263937950e+00
1.870000036458905335e+00
1.880000036653872719e+00
1.890000036848840104e+00
1.900000037043807488e+00
1.910000037238775095e+00
1.920000037433742479e+00
1.930000037628709864e+00
1.940000037823677248e+00
1.950000038018644632e+00
1.960000038213612017e+00
1.970000038408579401e+00
1.980000038603546786e+00
1.990000038798514170e+00
