# # Time
0.000000000000000000e+00
1.000213623046875000e-02
2.000427246093750000e-02
2.999877929687500000e-02
4.000091552734375000e-02
5.000305175781250000e-02
6.000518798828125000e-02
6.999969482421875000e-02
8.000183105468750000e-02
9.000396728515625000e-02
9.999847412109375000e-02
1.100006103515625000e-01
1.200027465820312500e-01
1.300048828125000000e-01
1.399993896484375000e-01
1.500015258789062500e-01
1.600036621093750000e-01
1.700057983398437500e-01
1.800003051757812500e-01
1.900024414062500000e-01
2.000045776367187500e-01
2.099990844726562500e-01
2.200012207031250000e-01
2.300033569335937500e-01
2.400054931640625000e-01
2.500000000000000000e-01
2.600021362304687500e-01
2.700042724609375000e-01
2.799987792968750000e-01
2.900009155273437500e-01
3.000030517578125000e-01
3.100051879882812500e-01
3.199996948242187500e-01
3.300018310546875000e-01
3.400039672851562500e-01
3.499984741210937500e-01
3.600006103515625000e-01
3.700027465820312500e-01
3.800048828125000000e-01
3.899993896484375000e-01
4.000015258789062500e-01
4.100036621093750000e-01
4.200057983398437500e-01
4.300003051757812500e-01
4.400024414062500000e-01
4.500045776367187500e-01
4.599990844726562500e-01
4.700012207031250000e-01
4.800033569335937500e-01
4.900054931640625000e-01
5.000000000000000000e-01
5.100021362304687500e-01
5.200042724609375000e-01
5.299987792968750000e-01
5.400009155273437500e-01
5.500030517578125000e-01
5.600051879882812500e-01
5.699996948242187500e-01
5.800018310546875000e-01
5.900039672851562500e-01
5.999984741210937500e-01
6.100006103515625000e-01
6.200027465820312500e-01
6.300048828125000000e-01
6.399993896484375000e-01
6.500015258789062500e-01
6.600036621093750000e-01
6.700057983398437500e-01
6.800003051757812500e-01
6.900024414062500000e-01
7.000045776367187500e-01
7.099990844726562500e-01
7.200012207031250000e-01
7.300033569335937500e-01
7.400054931640625000e-01
7.500000000000000000e-01
7.600021362304687500e-01
7.700042724609375000e-01
7.799987792968750000e-01
7.900009155273437500e-01
8.000030517578125000e-01
8.100051879882812500e-01
8.199996948242187500e-01
8.300018310546875000e-01
8.400039672851562500e-01
8.499984741210937500e-01
8.600006103515625000e-01
8.700027465820312500e-01
8.800048828125000000e-01
8.899993896484375000e-01
9.000015258789062500e-01
9.100036621093750000e-01
9.200057983398437500e-01
9.300003051757812500e-01
9.400024414062500000e-01
9.500045776367187500e-01
9.599990844726562500e-01
9.700012207031250000e-01
9.800033569335937500e-01
9.900054931640625000e-01
1.000000000000000000e+00
1.010002136230468750e+00
1.020004272460937500e+00
1.029998779296875000e+00
1.040000915527343750e+00
1.050003051757812500e+00
1.060005187988281250e+00
1.069999694824218750e+00
1.080001831054687500e+00
1.090003967285156250e+00
1.099998474121093750e+00
1.110000610351562500e+00
1.120002746582031250e+00
1.130004882812500000e+00
1.139999389648437500e+00
1.150001525878906250e+00
1.160003662109375000e+00
1.170005798339843750e+00
1.180000305175781250e+00
1.190002441406250000e+00
1.200004577636718750e+00
1.209999084472656250e+00
1.220001220703125000e+00
1.230003356933593750e+00
1.240005493164062500e+00
1.250000000000000000e+00
1.260002136230468750e+00
1.270004272460937500e+00
1.279998779296875000e+00
1.290000915527343750e+00
1.300003051757812500e+00
1.310005187988281250e+00
1.319999694824218750e+00
1.330001831054687500e+00
1.340003967285156250e+00
1.349998474121093750e+00
1.360000610351562500e+00
1.370002746582031250e+00
1.380004882812500000e+00
1.389999389648437500e+00
1.400001525878906250e+00
1.410003662109375000e+00
1.420005798339843750e+00
1.430000305175781250e+00
1.440002441406250000e+00
1.450004577636718750e+00
1.459999084472656250e+00
1.470001220703125000e+00
1.480003356933593750e+00
1.490005493164062500e+00
1.500000000000000000e+00
1.510002136230468750e+00
1.520004272460937500e+00
1.529998779296875000e+00
1.540000915527343750e+00
1.550003051757812500e+00
1.560005187988281250e+00
1.569999694824218750e+00
1.580001831054687500e+00
1.590003967285156250e+00
1.599998474121093750e+00
1.610000610351562500e+00
1.620002746582031250e+00
1.630004882812500000e+00
1.639999389648437500e+00
1.650001525878906250e+00
1.660003662109375000e+00
1.670005798339843750e+00
1.680000305175781250e+00
1.690002441406250000e+00
1.700004577636718750e+00
1.709999084472656250e+00
1.720001220703125000e+00
1.730003356933593750e+00
1.740005493164062500e+00
1.750000000000000000e+00
1.760002136230468750e+00
1.770004272460937500e+00
1.779998779296875000e+00
1.790000915527343750e+00
1.800003051757812500e+00
1.810005187988281250e+00
1.819999694824218750e+00
1.830001831054687500e+00
1.840003967285156250e+00
1.849998474121093750e+00
1.860000610351562500e+00
1.870002746582031250e+00
1.880004882812500000e+00
1.889999389648437500e+00
1.900001525878906250e+00
1.910003662109375000e+00
1.920005798339843750e+00
1.930000305175781250e+00
1.940002441406250000e+00
1.950004577636718750e+00
1.959999084472656250e+00
1.970001220703125000e+00
1.980003356933593750e+00
1.990005493164062500e+00
