# # Time
0.000000000000000000e+00
1.000213623046875000e-02
2.000045776367187500e-02
2.999877929687500000e-02
4.000091552734375000e-02
4.999923706054687500e-02
6.000137329101562500e-02
6.999969482421875000e-02
8.000183105468750000e-02
9.000015258789062500e-02
9.999847412109375000e-02
1.100006103515625000e-01
1.199989318847656250e-01
1.300010681152343750e-01
1.399993896484375000e-01
1.500015258789062500e-01
1.599998474121093750e-01
1.700019836425781250e-01
1.800003051757812500e-01
1.899986267089843750e-01
2.000007629394531250e-01
2.099990844726562500e-01
2.200012207031250000e-01
2.299995422363281250e-01
2.400016784667968750e-01
2.500000000000000000e-01
2.600021362304687500e-01
2.700004577636718750e-01
2.799987792968750000e-01
2.900009155273437500e-01
2.999992370605468750e-01
3.100013732910156250e-01
3.199996948242187500e-01
3.300018310546875000e-01
3.400001525878906250e-01
3.499984741210937500e-01
3.600006103515625000e-01
3.699989318847656250e-01
3.800010681152343750e-01
3.899993896484375000e-01
4.000015258789062500e-01
4.099998474121093750e-01
4.200019836425781250e-01
4.300003051757812500e-01
4.399986267089843750e-01
4.500007629394531250e-01
4.599990844726562500e-01
4.700012207031250000e-01
4.799995422363281250e-01
4.900016784667968750e-01
5.000000000000000000e-01
5.100021362304687500e-01
5.200004577636718750e-01
5.299987792968750000e-01
5.400009155273437500e-01
5.499992370605468750e-01
5.600013732910156250e-01
5.699996948242187500e-01
5.800018310546875000e-01
5.900001525878906250e-01
5.999984741210937500e-01
6.100006103515625000e-01
6.199989318847656250e-01
6.300010681152343750e-01
6.399993896484375000e-01
6.500015258789062500e-01
6.599998474121093750e-01
6.700019836425781250e-01
6.800003051757812500e-01
6.899986267089843750e-01
7.000007629394531250e-01
7.099990844726562500e-01
7.200012207031250000e-01
7.299995422363281250e-01
7.400016784667968750e-01
7.500000000000000000e-01
7.600021362304687500e-01
7.700004577636718750e-01
7.799987792968750000e-01
7.900009155273437500e-01
7.999992370605468750e-01
8.100013732910156250e-01
8.199996948242187500e-01
8.300018310546875000e-01
8.400001525878906250e-01
8.499984741210937500e-01
8.600006103515625000e-01
8.699989318847656250e-01
8.800010681152343750e-01
8.899993896484375000e-01
9.000015258789062500e-01
9.099998474121093750e-01
9.200019836425781250e-01
9.300003051757812500e-01
9.399986267089843750e-01
9.500007629394531250e-01
9.599990844726562500e-01
9.700012207031250000e-01
9.799995422363281250e-01
9.900016784667968750e-01
1.000000000000000000e+00
1.010002136230468750e+00
1.020000457763671875e+00
1.029998779296875000e+00
1.040000915527343750e+00
1.049999237060546875e+00
1.060001373291015625e+00
1.069999694824218750e+00
1.080001831054687500e+00
1.090000152587890625e+00
1.099998474121093750e+00
1.110000610351562500e+00
1.119998931884765625e+00
1.130001068115234375e+00
1.139999389648437500e+00
1.150001525878906250e+00
1.159999847412109375e+00
1.170001983642578125e+00
1.180000305175781250e+00
1.189998626708984375e+00
1.200000762939453125e+00
1.209999084472656250e+00
1.220001220703125000e+00
1.229999542236328125e+00
1.240001678466796875e+00
1.250000000000000000e+00
1.260002136230468750e+00
1.270000457763671875e+00
1.279998779296875000e+00
1.290000915527343750e+00
1.299999237060546875e+00
1.310001373291015625e+00
1.319999694824218750e+00
1.330001831054687500e+00
1.340000152587890625e+00
1.349998474121093750e+00
1.360000610351562500e+00
1.369998931884765625e+00
1.380001068115234375e+00
1.389999389648437500e+00
1.400001525878906250e+00
1.409999847412109375e+00
1.420001983642578125e+00
1.430000305175781250e+00
1.439998626708984375e+00
1.450000762939453125e+00
1.459999084472656250e+00
1.470001220703125000e+00
1.479999542236328125e+00
1.490001678466796875e+00
1.500000000000000000e+00
1.510002136230468750e+00
1.520000457763671875e+00
1.529998779296875000e+00
1.540000915527343750e+00
1.549999237060546875e+00
1.560001373291015625e+00
1.569999694824218750e+00
1.580001831054687500e+00
1.590000152587890625e+00
1.599998474121093750e+00
1.610000610351562500e+00
1.619998931884765625e+00
1.630001068115234375e+00
1.639999389648437500e+00
1.650001525878906250e+00
1.659999847412109375e+00
1.670001983642578125e+00
1.680000305175781250e+00
1.689998626708984375e+00
1.700000762939453125e+00
1.709999084472656250e+00
1.720001220703125000e+00
1.729999542236328125e+00
1.740001678466796875e+00
1.750000000000000000e+00
1.760002136230468750e+00
1.770000457763671875e+00
1.779998779296875000e+00
1.790000915527343750e+00
1.799999237060546875e+00
1.810001373291015625e+00
1.819999694824218750e+00
1.830001831054687500e+00
1.840000152587890625e+00
1.849998474121093750e+00
1.860000610351562500e+00
1.869998931884765625e+00
1.880001068115234375e+00
1.889999389648437500e+00
1.900001525878906250e+00
1.909999847412109375e+00
1.920001983642578125e+00
1.930000305175781250e+00
1.939998626708984375e+00
1.950000762939453125e+00
1.959999084472656250e+00
1.970001220703125000e+00
1.979999542236328125e+00
1.990001678466796875e+00
