# # Time
0.000000000000000000e+00
9.999950926498968329e-03
1.999990185299793666e-02
2.999985277949690499e-02
3.999980370605271673e-02
4.999975463255168506e-02
5.999970555905065339e-02
6.999965648554962172e-02
7.999960741204859005e-02
8.999955833854755838e-02
9.999950926510337013e-02
1.099994601916023385e-01
1.199994111181013068e-01
1.299993620446002751e-01
1.399993129710992434e-01
1.499992638975982118e-01
1.599992148240971801e-01
1.699991657506529918e-01
1.799991166771519602e-01
1.899990676036509285e-01
1.999990185301498968e-01
2.099989694566488652e-01
2.199989203831478335e-01
2.299988713096468018e-01
2.399988222362026136e-01
2.499987731627015819e-01
2.599987240892005502e-01
2.699986750156995186e-01
2.799986259421984869e-01
2.899985768686974552e-01
2.999985277952532670e-01
3.099984787217522353e-01
3.199984296482512036e-01
3.299983805747501719e-01
3.399983315012491403e-01
3.499982824277481086e-01
3.599982333542470769e-01
3.699981842808028887e-01
3.799981352073018570e-01
3.899980861338008253e-01
3.999980370602997937e-01
4.099979879867987620e-01
4.199979389132977303e-01
4.299978898397966987e-01
4.399978407663525104e-01
4.499977916928514787e-01
4.599977426193504471e-01
4.699976935458494154e-01
4.799976444723483837e-01
4.899975953988473520e-01
4.999975463254031638e-01
5.099974972519021321e-01
5.199974481784011004e-01
5.299973991049000688e-01
5.399973500313990371e-01
5.499973009578980054e-01
5.599972518843969738e-01
5.699972028109527855e-01
5.799971537374517538e-01
5.899971046639507222e-01
5.999970555904496905e-01
6.099970065169486588e-01
6.199969574434476272e-01
6.299969083699465955e-01
6.399968592965024072e-01
6.499968102230013756e-01
6.599967611495003439e-01
6.699967120759993122e-01
6.799966630024982805e-01
6.899966139289972489e-01
6.999965648555530606e-01
7.099965157820520290e-01
7.199964667085509973e-01
7.299964176350499656e-01
7.399963685615489339e-01
7.499963194880479023e-01
7.599962704145468706e-01
7.699962213411026823e-01
7.799961722676016507e-01
7.899961231941006190e-01
7.999960741205995873e-01
8.099960250470985557e-01
8.199959759735975240e-01
8.299959269001533357e-01
8.399958778266523041e-01
8.499958287531512724e-01
8.599957796796502407e-01
8.699957306061492091e-01
8.799956815326481774e-01
8.899956324591471457e-01
8.999955833857029575e-01
9.099955343122019258e-01
9.199954852387008941e-01
9.299954361651998624e-01
9.399953870916988308e-01
9.499953380181977991e-01
9.599952889446967674e-01
9.699952398712525792e-01
9.799951907977515475e-01
9.899951417242505158e-01
9.999950926507494842e-01
1.009995043577248452e+00
1.019994994503747421e+00
1.029994945430303233e+00
1.039994896356802201e+00
1.049994847283301169e+00
1.059994798209800138e+00
1.069994749136299106e+00
1.079994700062798074e+00
1.089994650989297043e+00
1.099994601915852854e+00
1.109994552842351823e+00
1.119994503768850791e+00
1.129994454695349759e+00
1.139994405621848728e+00
1.149994356548347696e+00
1.159994307474846664e+00
1.169994258401402476e+00
1.179994209327901444e+00
1.189994160254400413e+00
1.199994111180899381e+00
1.209994062107398349e+00
1.219994013033897318e+00
1.229993963960453129e+00
1.239993914886952098e+00
1.249993865813451066e+00
1.259993816739950034e+00
1.269993767666449003e+00
1.279993718592947971e+00
1.289993669519446939e+00
1.299993620446002751e+00
1.309993571372501719e+00
1.319993522299000688e+00
1.329993473225499656e+00
1.339993424151998624e+00
1.349993375078497593e+00
1.359993326005053405e+00
1.369993276931552373e+00
1.379993227858051341e+00
1.389993178784550310e+00
1.399993129711049278e+00
1.409993080637548246e+00
1.419993031564047214e+00
1.429992982490603026e+00
1.439992933417101995e+00
1.449992884343600963e+00
1.459992835270099931e+00
1.469992786196598900e+00
1.479992737123097868e+00
1.489992688049596836e+00
1.499992638976152648e+00
1.509992589902651616e+00
1.519992540829150585e+00
1.529992491755649553e+00
1.539992442682148521e+00
1.549992393608647490e+00
1.559992344535203301e+00
1.569992295461702270e+00
1.579992246388201238e+00
1.589992197314700206e+00
1.599992148241199175e+00
1.609992099167698143e+00
1.619992050094197111e+00
1.629992001020752923e+00
1.639991951947251891e+00
1.649991902873750860e+00
1.659991853800249828e+00
1.669991804726748796e+00
1.679991755653247765e+00
1.689991706579746733e+00
1.699991657506302545e+00
1.709991608432801513e+00
1.719991559359300481e+00
1.729991510285799450e+00
1.739991461212298418e+00
1.749991412138797386e+00
1.759991363065353198e+00
1.769991313991852167e+00
1.779991264918351135e+00
1.789991215844850103e+00
1.799991166771349071e+00
1.809991117697848040e+00
1.819991068624347008e+00
1.829991019550902820e+00
1.839990970477401788e+00
1.849990921403900757e+00
1.859990872330399725e+00
1.869990823256898693e+00
1.879990774183397662e+00
1.889990725109896630e+00
1.899990676036452442e+00
1.909990626962951410e+00
1.919990577889450378e+00
1.929990528815949347e+00
1.939990479742448315e+00
1.949990430668947283e+00
1.959990381595503095e+00
1.969990332522002063e+00
1.979990283448501032e+00
1.989990234375000000e+00
