# # Time
0.000000000000000000e+00
9.999999786355589018e-03
1.999999957271117804e-02
2.999999935906676879e-02
3.999999914542235607e-02
4.999999893177794336e-02
5.999999871813353758e-02
6.999999850448912486e-02
7.999999829084471215e-02
8.999999807720029943e-02
9.999999786355588671e-02
1.099999976499114740e-01
1.199999974362670752e-01
1.299999972226226486e-01
1.399999970089782497e-01
1.499999967953338231e-01
1.599999965816894243e-01
1.699999963680450255e-01
1.799999961544005989e-01
1.899999959407562000e-01
1.999999957271117734e-01
2.099999955134673746e-01
2.199999952998229480e-01
2.299999950861785492e-01
2.399999948725341503e-01
2.499999946588897237e-01
2.599999944452452971e-01
2.699999942316009260e-01
2.799999940179564994e-01
2.899999938043120729e-01
2.999999935906676463e-01
3.099999933770232752e-01
3.199999931633788486e-01
3.299999929497344220e-01
3.399999927360900509e-01
3.499999925224456243e-01
3.599999923088011977e-01
3.699999920951567711e-01
3.799999918815124000e-01
3.899999916678679734e-01
3.999999914542235468e-01
4.099999912405791758e-01
4.199999910269347492e-01
4.299999908132903226e-01
4.399999905996458960e-01
4.499999903860015249e-01
4.599999901723570983e-01
4.699999899587126717e-01
4.799999897450683006e-01
4.899999895314238740e-01
4.999999893177794474e-01
5.099999891041350208e-01
5.199999888904905943e-01
5.299999886768461677e-01
5.399999884632018521e-01
5.499999882495574255e-01
5.599999880359129989e-01
5.699999878222685723e-01
5.799999876086241457e-01
5.899999873949797191e-01
5.999999871813352925e-01
6.099999869676909769e-01
6.199999867540465504e-01
6.299999865404021238e-01
6.399999863267576972e-01
6.499999861131132706e-01
6.599999858994688440e-01
6.699999856858244174e-01
6.799999854721801018e-01
6.899999852585356752e-01
6.999999850448912486e-01
7.099999848312468220e-01
7.199999846176023954e-01
7.299999844039579688e-01
7.399999841903135422e-01
7.499999839766692267e-01
7.599999837630248001e-01
7.699999835493803735e-01
7.799999833357359469e-01
7.899999831220915203e-01
7.999999829084470937e-01
8.099999826948026671e-01
8.199999824811583515e-01
8.299999822675139249e-01
8.399999820538694983e-01
8.499999818402250717e-01
8.599999816265806452e-01
8.699999814129362186e-01
8.799999811992917920e-01
8.899999809856474764e-01
8.999999807720030498e-01
9.099999805583586232e-01
9.199999803447141966e-01
9.299999801310697700e-01
9.399999799174253434e-01
9.499999797037809168e-01
9.599999794901366013e-01
9.699999792764921747e-01
9.799999790628477481e-01
9.899999788492033215e-01
9.999999786355588949e-01
1.009999978421914468e+00
1.019999978208270042e+00
1.029999977994625615e+00
1.039999977780981189e+00
1.049999977567336762e+00
1.059999977353692335e+00
1.069999977140048131e+00
1.079999976926403704e+00
1.089999976712759278e+00
1.099999976499114851e+00
1.109999976285470424e+00
1.119999976071825998e+00
1.129999975858181571e+00
1.139999975644537145e+00
1.149999975430892718e+00
1.159999975217248291e+00
1.169999975003603865e+00
1.179999974789959438e+00
1.189999974576315012e+00
1.199999974362670585e+00
1.209999974149026380e+00
1.219999973935381954e+00
1.229999973721737527e+00
1.239999973508093101e+00
1.249999973294448674e+00
1.259999973080804248e+00
1.269999972867159821e+00
1.279999972653515394e+00
1.289999972439870968e+00
1.299999972226226541e+00
1.309999972012582115e+00
1.319999971798937688e+00
1.329999971585293261e+00
1.339999971371648835e+00
1.349999971158004408e+00
1.359999970944360204e+00
1.369999970730715777e+00
1.379999970517071350e+00
1.389999970303426924e+00
1.399999970089782497e+00
1.409999969876138071e+00
1.419999969662493644e+00
1.429999969448849217e+00
1.439999969235204791e+00
1.449999969021560364e+00
1.459999968807915938e+00
1.469999968594271511e+00
1.479999968380627084e+00
1.489999968166982658e+00
1.499999967953338453e+00
1.509999967739694027e+00
1.519999967526049600e+00
1.529999967312405174e+00
1.539999967098760747e+00
1.549999966885116320e+00
1.559999966671471894e+00
1.569999966457827467e+00
1.579999966244183041e+00
1.589999966030538614e+00
1.599999965816894187e+00
1.609999965603249761e+00
1.619999965389605334e+00
1.629999965175960908e+00
1.639999964962316703e+00
1.649999964748672276e+00
1.659999964535027850e+00
1.669999964321383423e+00
1.679999964107738997e+00
1.689999963894094570e+00
1.699999963680450143e+00
1.709999963466805717e+00
1.719999963253161290e+00
1.729999963039516864e+00
1.739999962825872437e+00
1.749999962612228011e+00
1.759999962398583584e+00
1.769999962184939157e+00
1.779999961971294953e+00
1.789999961757650526e+00
1.799999961544006100e+00
1.809999961330361673e+00
1.819999961116717246e+00
1.829999960903072820e+00
1.839999960689428393e+00
1.849999960475783967e+00
1.859999960262139540e+00
1.869999960048495113e+00
1.879999959834850687e+00
1.889999959621206260e+00
1.899999959407561834e+00
1.909999959193917407e+00
1.919999958980273203e+00
1.929999958766628776e+00
1.939999958552984349e+00
1.949999958339339923e+00
1.959999958125695496e+00
1.969999957912051070e+00
1.979999957698406643e+00
1.989999957484762216e+00
