# # Time
0.000000000000000000e+00
9.999998849838931392e-03
1.999999769968141550e-02
2.999999654952034689e-02
3.999999539935927828e-02
4.999999424920176239e-02
5.999999309904069378e-02
6.999999194887962517e-02
7.999999079871855656e-02
8.999998964856104067e-02
9.999998849839997206e-02
1.099999873482389035e-01
1.199999861980813876e-01
1.299999850479203189e-01
1.399999838977592503e-01
1.499999827476017344e-01
1.599999815974406658e-01
1.699999804472795972e-01
1.799999792971220813e-01
1.899999781469610127e-01
1.999999769967999441e-01
2.099999758466388755e-01
2.199999746964813596e-01
2.299999735463202910e-01
2.399999723961592224e-01
2.499999712460017065e-01
2.599999700958406379e-01
2.699999689456795693e-01
2.799999677955220534e-01
2.899999666453609848e-01
2.999999654951999162e-01
3.099999643450388476e-01
3.199999631948813317e-01
3.299999620447202631e-01
3.399999608945591945e-01
3.499999597444016786e-01
3.599999585942406100e-01
3.699999574440795413e-01
3.799999562939220255e-01
3.899999551437609568e-01
3.999999539935998882e-01
4.099999528434423723e-01
4.199999516932813037e-01
4.299999505431202351e-01
4.399999493929627192e-01
4.499999482428016506e-01
4.599999470926405820e-01
4.699999459424795134e-01
4.799999447923219975e-01
4.899999436421609289e-01
4.999999424919998603e-01
5.099999413418423444e-01
5.199999401916812758e-01
5.299999390415202072e-01
5.399999378913626913e-01
5.499999367412016227e-01
5.599999355910405541e-01
5.699999344408794855e-01
5.799999332907219696e-01
5.899999321405609010e-01
5.999999309903998324e-01
6.099999298402423165e-01
6.199999286900812479e-01
6.299999275399201792e-01
6.399999263897626633e-01
6.499999252396015947e-01
6.599999240894405261e-01
6.699999229392830102e-01
6.799999217891219416e-01
6.899999206389608730e-01
6.999999194887998044e-01
7.099999183386422885e-01
7.199999171884812199e-01
7.299999160383201513e-01
7.399999148881626354e-01
7.499999137380015668e-01
7.599999125878404982e-01
7.699999114376829823e-01
7.799999102875219137e-01
7.899999091373608451e-01
7.999999079872033292e-01
8.099999068370422606e-01
8.199999056868811920e-01
8.299999045367201234e-01
8.399999033865626075e-01
8.499999022364015389e-01
8.599999010862404702e-01
8.699998999360829544e-01
8.799998987859218857e-01
8.899998976357608171e-01
8.999998964856033012e-01
9.099998953354422326e-01
9.199998941852811640e-01
9.299998930351236481e-01
9.399998918849625795e-01
9.499998907348015109e-01
9.599998895846404423e-01
9.699998884344829264e-01
9.799998872843218578e-01
9.899998861341607892e-01
9.999998849840032733e-01
1.009999883833842205e+00
1.019999882683681136e+00
1.029999881533523620e+00
1.039999880383362552e+00
1.049999879233201483e+00
1.059999878083040414e+00
1.069999876932882898e+00
1.079999875782721830e+00
1.089999874632560761e+00
1.099999873482403245e+00
1.109999872332242177e+00
1.119999871182081108e+00
1.129999870031923592e+00
1.139999868881762524e+00
1.149999867731601455e+00
1.159999866581443939e+00
1.169999865431282871e+00
1.179999864281121802e+00
1.189999863130964286e+00
1.199999861980803217e+00
1.209999860830642149e+00
1.219999859680481080e+00
1.229999858530323564e+00
1.239999857380162496e+00
1.249999856230001427e+00
1.259999855079843911e+00
1.269999853929682843e+00
1.279999852779521774e+00
1.289999851629364258e+00
1.299999850479203189e+00
1.309999849329042121e+00
1.319999848178881052e+00
1.329999847028723536e+00
1.339999845878562468e+00
1.349999844728401399e+00
1.359999843578243883e+00
1.369999842428082815e+00
1.379999841277921746e+00
1.389999840127764230e+00
1.399999838977603162e+00
1.409999837827442093e+00
1.419999836677284577e+00
1.429999835527123508e+00
1.439999834376962440e+00
1.449999833226801371e+00
1.459999832076643855e+00
1.469999830926482787e+00
1.479999829776321718e+00
1.489999828626164202e+00
1.499999827476003134e+00
1.509999826325842065e+00
1.519999825175684549e+00
1.529999824025523480e+00
1.539999822875362412e+00
1.549999821725201343e+00
1.559999820575043827e+00
1.569999819424882759e+00
1.579999818274721690e+00
1.589999817124564174e+00
1.599999815974403106e+00
1.609999814824242037e+00
1.619999813674084521e+00
1.629999812523923453e+00
1.639999811373762384e+00
1.649999810223604868e+00
1.659999809073443799e+00
1.669999807923282731e+00
1.679999806773125215e+00
1.689999805622964146e+00
1.699999804472803078e+00
1.709999803322642009e+00
1.719999802172484493e+00
1.729999801022323425e+00
1.739999799872162356e+00
1.749999798722004840e+00
1.759999797571843771e+00
1.769999796421682703e+00
1.779999795271525187e+00
1.789999794121364118e+00
1.799999792971203050e+00
1.809999791821041981e+00
1.819999790670884465e+00
1.829999789520723397e+00
1.839999788370562328e+00
1.849999787220404812e+00
1.859999786070243744e+00
1.869999784920082675e+00
1.879999783769925159e+00
1.889999782619764090e+00
1.899999781469603022e+00
1.909999780319445506e+00
1.919999779169284437e+00
1.929999778019123369e+00
1.939999776868965853e+00
1.949999775718804784e+00
1.959999774568643716e+00
1.969999773418482647e+00
1.979999772268325131e+00
1.989999771118164062e+00
