# # Time
0.000000000000000000e+00
2.000000000001023182e-02
3.999999999999204192e-02
6.000000000000227374e-02
8.000000000001250555e-02
9.999999999999431566e-02
1.200000000000045475e-01
1.400000000000147793e-01
1.599999999999965894e-01
1.800000000000068212e-01
2.000000000000170530e-01
2.199999999999988631e-01
2.400000000000090949e-01
2.599999999999909051e-01
2.800000000000011369e-01
3.000000000000113687e-01
3.199999999999931788e-01
3.400000000000034106e-01
3.600000000000136424e-01
3.799999999999954525e-01
4.000000000000056843e-01
4.200000000000159162e-01
4.399999999999977263e-01
4.600000000000079581e-01
4.800000000000181899e-01
5.000000000000000000e-01
5.200000000000102318e-01
5.399999999999920419e-01
5.600000000000022737e-01
5.800000000000125056e-01
5.999999999999943157e-01
6.200000000000045475e-01
6.400000000000147793e-01
6.599999999999965894e-01
6.800000000000068212e-01
7.000000000000170530e-01
7.199999999999988631e-01
7.400000000000090949e-01
7.599999999999909051e-01
7.800000000000011369e-01
8.000000000000113687e-01
8.199999999999931788e-01
8.400000000000034106e-01
8.600000000000136424e-01
8.799999999999954525e-01
9.000000000000056843e-01
9.200000000000159162e-01
9.399999999999977263e-01
9.600000000000079581e-01
9.800000000000181899e-01
1.000000000000000000e+00
1.020000000000010232e+00
1.039999999999992042e+00
1.060000000000002274e+00
1.080000000000012506e+00
1.099999999999994316e+00
1.120000000000004547e+00
1.140000000000014779e+00
1.159999999999996589e+00
1.180000000000006821e+00
1.200000000000017053e+00
1.219999999999998863e+00
1.240000000000009095e+00
1.259999999999990905e+00
1.280000000000001137e+00
1.300000000000011369e+00
1.319999999999993179e+00
1.340000000000003411e+00
1.360000000000013642e+00
1.379999999999995453e+00
1.400000000000005684e+00
1.420000000000015916e+00
1.439999999999997726e+00
1.460000000000007958e+00
1.480000000000018190e+00
1.500000000000000000e+00
1.520000000000010232e+00
1.539999999999992042e+00
1.560000000000002274e+00
1.580000000000012506e+00
1.599999999999994316e+00
1.620000000000004547e+00
1.640000000000014779e+00
1.659999999999996589e+00
1.680000000000006821e+00
1.700000000000017053e+00
1.719999999999998863e+00
1.740000000000009095e+00
1.759999999999990905e+00
1.780000000000001137e+00
1.800000000000011369e+00
1.819999999999993179e+00
1.840000000000003411e+00
1.860000000000013642e+00
1.879999999999995453e+00
1.900000000000005684e+00
1.920000000000015916e+00
1.939999999999997726e+00
1.960000000000007958e+00
1.980000000000018190e+00
