# # Time
0.000000000000000000e+00
1.000976562500000000e-02
1.998901367187500000e-02
2.999877929687500000e-02
4.000854492187500000e-02
4.998779296875000000e-02
5.999755859375000000e-02
7.000732421875000000e-02
7.998657226562500000e-02
8.999633789062500000e-02
1.000061035156250000e-01
1.099853515625000000e-01
1.199951171875000000e-01
1.300048828125000000e-01
1.399841308593750000e-01
1.499938964843750000e-01
1.600036621093750000e-01
1.699829101562500000e-01
1.799926757812500000e-01
1.900024414062500000e-01
1.999816894531250000e-01
2.099914550781250000e-01
2.200012207031250000e-01
2.299804687500000000e-01
2.399902343750000000e-01
2.500000000000000000e-01
2.600097656250000000e-01
2.699890136718750000e-01
2.799987792968750000e-01
2.900085449218750000e-01
2.999877929687500000e-01
3.099975585937500000e-01
3.200073242187500000e-01
3.299865722656250000e-01
3.399963378906250000e-01
3.500061035156250000e-01
3.599853515625000000e-01
3.699951171875000000e-01
3.800048828125000000e-01
3.899841308593750000e-01
3.999938964843750000e-01
4.100036621093750000e-01
4.199829101562500000e-01
4.299926757812500000e-01
4.400024414062500000e-01
4.499816894531250000e-01
4.599914550781250000e-01
4.700012207031250000e-01
4.799804687500000000e-01
4.899902343750000000e-01
5.000000000000000000e-01
5.100097656250000000e-01
5.199890136718750000e-01
5.299987792968750000e-01
5.400085449218750000e-01
5.499877929687500000e-01
5.599975585937500000e-01
5.700073242187500000e-01
5.799865722656250000e-01
5.899963378906250000e-01
6.000061035156250000e-01
6.099853515625000000e-01
6.199951171875000000e-01
6.300048828125000000e-01
6.399841308593750000e-01
6.499938964843750000e-01
6.600036621093750000e-01
6.699829101562500000e-01
6.799926757812500000e-01
6.900024414062500000e-01
6.999816894531250000e-01
7.099914550781250000e-01
7.200012207031250000e-01
7.299804687500000000e-01
7.399902343750000000e-01
7.500000000000000000e-01
7.600097656250000000e-01
7.699890136718750000e-01
7.799987792968750000e-01
7.900085449218750000e-01
7.999877929687500000e-01
8.099975585937500000e-01
8.200073242187500000e-01
8.299865722656250000e-01
8.399963378906250000e-01
8.500061035156250000e-01
8.599853515625000000e-01
8.699951171875000000e-01
8.800048828125000000e-01
8.899841308593750000e-01
8.999938964843750000e-01
9.100036621093750000e-01
9.199829101562500000e-01
9.299926757812500000e-01
9.400024414062500000e-01
9.499816894531250000e-01
9.599914550781250000e-01
9.700012207031250000e-01
9.799804687500000000e-01
9.899902343750000000e-01
1.000000000000000000e+00
1.010009765625000000e+00
1.019989013671875000e+00
1.029998779296875000e+00
1.040008544921875000e+00
1.049987792968750000e+00
1.059997558593750000e+00
1.070007324218750000e+00
1.079986572265625000e+00
1.089996337890625000e+00
1.100006103515625000e+00
1.109985351562500000e+00
1.119995117187500000e+00
1.130004882812500000e+00
1.139984130859375000e+00
1.149993896484375000e+00
1.160003662109375000e+00
1.169982910156250000e+00
1.179992675781250000e+00
1.190002441406250000e+00
1.199981689453125000e+00
1.209991455078125000e+00
1.220001220703125000e+00
1.229980468750000000e+00
1.239990234375000000e+00
1.250000000000000000e+00
1.260009765625000000e+00
1.269989013671875000e+00
1.279998779296875000e+00
1.290008544921875000e+00
1.299987792968750000e+00
1.309997558593750000e+00
1.320007324218750000e+00
1.329986572265625000e+00
1.339996337890625000e+00
1.350006103515625000e+00
1.359985351562500000e+00
1.369995117187500000e+00
1.380004882812500000e+00
1.389984130859375000e+00
1.399993896484375000e+00
1.410003662109375000e+00
1.419982910156250000e+00
1.429992675781250000e+00
1.440002441406250000e+00
1.449981689453125000e+00
1.459991455078125000e+00
1.470001220703125000e+00
1.479980468750000000e+00
1.489990234375000000e+00
1.500000000000000000e+00
1.510009765625000000e+00
1.519989013671875000e+00
1.529998779296875000e+00
1.540008544921875000e+00
1.549987792968750000e+00
1.559997558593750000e+00
1.570007324218750000e+00
1.579986572265625000e+00
1.589996337890625000e+00
1.600006103515625000e+00
1.609985351562500000e+00
1.619995117187500000e+00
1.630004882812500000e+00
1.639984130859375000e+00
1.649993896484375000e+00
1.660003662109375000e+00
1.669982910156250000e+00
1.679992675781250000e+00
1.690002441406250000e+00
1.699981689453125000e+00
1.709991455078125000e+00
1.720001220703125000e+00
1.729980468750000000e+00
1.739990234375000000e+00
1.750000000000000000e+00
1.760009765625000000e+00
1.769989013671875000e+00
1.779998779296875000e+00
1.790008544921875000e+00
1.799987792968750000e+00
1.809997558593750000e+00
1.820007324218750000e+00
1.829986572265625000e+00
1.839996337890625000e+00
1.850006103515625000e+00
1.859985351562500000e+00
1.869995117187500000e+00
1.880004882812500000e+00
1.889984130859375000e+00
1.899993896484375000e+00
1.910003662109375000e+00
1.919982910156250000e+00
1.929992675781250000e+00
1.940002441406250000e+00
1.949981689453125000e+00
1.959991455078125000e+00
1.970001220703125000e+00
1.979980468750000000e+00
1.989990234375000000e+00
