# # Time
0.000000000000000000e+00
9.999950926612655167e-03
1.999990185299793666e-02
2.999985277961059182e-02
3.999980370599587332e-02
4.999975463260852848e-02
5.999970555899380997e-02
6.999965648560646514e-02
7.999960741199174663e-02
8.999955833860440180e-02
9.999950926498968329e-02
1.099994601916023385e-01
1.199994111179876199e-01
1.299993620446002751e-01
1.399993129712129303e-01
1.499992638975982118e-01
1.599992148242108669e-01
1.699991657505961484e-01
1.799991166772088036e-01
1.899990676035940851e-01
1.999990185302067403e-01
2.099989694565920217e-01
2.199989203832046769e-01
2.299988713095899584e-01
2.399988222362026136e-01
2.499987731625878951e-01
2.599987240892005502e-01
2.699986750158132054e-01
2.799986259421984869e-01
2.899985768688111420e-01
2.999985277951964235e-01
3.099984787218090787e-01
3.199984296481943602e-01
3.299983805748070154e-01
3.399983315011922969e-01
3.499982824278049520e-01
3.599982333541902335e-01
3.699981842808028887e-01
3.799981352071881702e-01
3.899980861338008253e-01
3.999980370604134805e-01
4.099979879867987620e-01
4.199979389134114172e-01
4.299978898397966987e-01
4.399978407664093538e-01
4.499977916927946353e-01
4.599977426194072905e-01
4.699976935457925720e-01
4.799976444724052271e-01
4.899975953987905086e-01
4.999975463254031638e-01
5.099974972517884453e-01
5.199974481784011004e-01
5.299973991047863819e-01
5.399973500313990371e-01
5.499973009580116923e-01
5.599972518843969738e-01
5.699972028110096289e-01
5.799971537373949104e-01
5.899971046640075656e-01
5.999970555903928471e-01
6.099970065170055022e-01
6.199969574433907837e-01
6.299969083700034389e-01
6.399968592963887204e-01
6.499968102230013756e-01
6.599967611493866571e-01
6.699967120759993122e-01
6.799966630026119674e-01
6.899966139289972489e-01
6.999965648556099040e-01
7.099965157819951855e-01
7.199964667086078407e-01
7.299964176349931222e-01
7.399963685616057774e-01
7.499963194879910588e-01
7.599962704146037140e-01
7.699962213409889955e-01
7.799961722676016507e-01
7.899961231939869322e-01
7.999960741205995873e-01
8.099960250472122425e-01
8.199959759735975240e-01
8.299959269002101792e-01
8.399958778265954606e-01
8.499958287532081158e-01
8.599957796795933973e-01
8.699957306062060525e-01
8.799956815325913340e-01
8.899956324592039891e-01
8.999955833855892706e-01
9.099955343122019258e-01
9.199954852385872073e-01
9.299954361651998624e-01
9.399953870918125176e-01
9.499953380181977991e-01
9.599952889448104543e-01
9.699952398711957358e-01
9.799951907978083909e-01
9.899951417241936724e-01
9.999950926508063276e-01
1.009995043577191609e+00
1.019994994503804264e+00
1.029994945430189546e+00
1.039994896356802201e+00
1.049994847283187482e+00
1.059994798209800138e+00
1.069994749136412793e+00
1.079994700062798074e+00
1.089994650989410729e+00
1.099994601915796011e+00
1.109994552842408666e+00
1.119994503768793948e+00
1.129994454695406603e+00
1.139994405621791884e+00
1.149994356548404539e+00
1.159994307474789821e+00
1.169994258401402476e+00
1.179994209327787758e+00
1.189994160254400413e+00
1.199994111181013068e+00
1.209994062107398349e+00
1.219994013034011004e+00
1.229993963960396286e+00
1.239993914887008941e+00
1.249993865813394223e+00
1.259993816740006878e+00
1.269993767666392159e+00
1.279993718593004814e+00
1.289993669519390096e+00
1.299993620446002751e+00
1.309993571372388033e+00
1.319993522299000688e+00
1.329993473225613343e+00
1.339993424151998624e+00
1.349993375078611280e+00
1.359993326004996561e+00
1.369993276931609216e+00
1.379993227857994498e+00
1.389993178784607153e+00
1.399993129710992434e+00
1.409993080637605090e+00
1.419993031563990371e+00
1.429992982490603026e+00
1.439992933416988308e+00
1.449992884343600963e+00
1.459992835270213618e+00
1.469992786196598900e+00
1.479992737123211555e+00
1.489992688049596836e+00
1.499992638976209491e+00
1.509992589902594773e+00
1.519992540829207428e+00
1.529992491755592710e+00
1.539992442682205365e+00
1.549992393608590646e+00
1.559992344535203301e+00
1.569992295461588583e+00
1.579992246388201238e+00
1.589992197314586519e+00
1.599992148241199175e+00
1.609992099167811830e+00
1.619992050094197111e+00
1.629992001020809766e+00
1.639991951947195048e+00
1.649991902873807703e+00
1.659991853800192985e+00
1.669991804726805640e+00
1.679991755653190921e+00
1.689991706579803576e+00
1.699991657506188858e+00
1.709991608432801513e+00
1.719991559359186795e+00
1.729991510285799450e+00
1.739991461212412105e+00
1.749991412138797386e+00
1.759991363065410042e+00
1.769991313991795323e+00
1.779991264918407978e+00
1.789991215844793260e+00
1.799991166771405915e+00
1.809991117697791196e+00
1.819991068624403852e+00
1.829991019550789133e+00
1.839990970477401788e+00
1.849990921403787070e+00
1.859990872330399725e+00
1.869990823257012380e+00
1.879990774183397662e+00
1.889990725110010317e+00
1.899990676036395598e+00
1.909990626963008253e+00
1.919990577889393535e+00
1.929990528816006190e+00
1.939990479742391472e+00
1.949990430669004127e+00
1.959990381595389408e+00
1.969990332522002063e+00
1.979990283448387345e+00
1.989990234375000000e+00
