# # Time
0.000000000000000000e+00
1.000002760383722489e-02
2.000005520767444978e-02
3.000008281151167466e-02
4.000011041534889955e-02
5.000013801918612444e-02
6.000016562302334933e-02
7.000019322688899592e-02
8.000022083072622081e-02
9.000024843456344570e-02
1.000002760384006706e-01
1.100003036422378955e-01
1.200003312460751204e-01
1.300003588499123452e-01
1.400003864537495701e-01
1.500004140575867950e-01
1.600004416614240199e-01
1.700004692652612448e-01
1.800004968690984697e-01
1.900005244729641163e-01
2.000005520768013412e-01
2.100005796806385661e-01
2.200006072844757909e-01
2.300006348883130158e-01
2.400006624921502407e-01
2.500006900959874656e-01
2.600007176998246905e-01
2.700007453036619154e-01
2.800007729074991403e-01
2.900008005113363652e-01
3.000008281151735900e-01
3.100008557190108149e-01
3.200008833228764615e-01
3.300009109267136864e-01
3.400009385305509113e-01
3.500009661343881362e-01
3.600009937382253611e-01
3.700010213420625860e-01
3.800010489458998109e-01
3.900010765497370357e-01
4.000011041535742606e-01
4.100011317574114855e-01
4.200011593612487104e-01
4.300011869650859353e-01
4.400012145689515819e-01
4.500012421727888068e-01
4.600012697766260317e-01
4.700012973804632566e-01
4.800013249843004814e-01
4.900013525881377063e-01
5.000013801919749312e-01
5.100014077958121561e-01
5.200014353996493810e-01
5.300014630034866059e-01
5.400014906073238308e-01
5.500015182111610557e-01
5.600015458149982805e-01
5.700015734188639271e-01
5.800016010227011520e-01
5.900016286265383769e-01
6.000016562303756018e-01
6.100016838342128267e-01
6.200017114380500516e-01
6.300017390418872765e-01
6.400017666457245014e-01
6.500017942495617262e-01
6.600018218533989511e-01
6.700018494572361760e-01
6.800018770610734009e-01
6.900019046649390475e-01
7.000019322687762724e-01
7.100019598726134973e-01
7.200019874764507222e-01
7.300020150802879471e-01
7.400020426841251719e-01
7.500020702879623968e-01
7.600020978917996217e-01
7.700021254956368466e-01
7.800021530994740715e-01
7.900021807033112964e-01
8.000022083071485213e-01
8.100022359110141679e-01
8.200022635148513928e-01
8.300022911186886176e-01
8.400023187225258425e-01
8.500023463263630674e-01
8.600023739302002923e-01
8.700024015340375172e-01
8.800024291378747421e-01
8.900024567417119670e-01
9.000024843455491919e-01
9.100025119493864167e-01
9.200025395532236416e-01
9.300025671570608665e-01
9.400025947609265131e-01
9.500026223647637380e-01
9.600026499686009629e-01
9.700026775724381878e-01
9.800027051762754127e-01
9.900027327801126376e-01
1.000002760383949862e+00
1.010002787987787087e+00
1.020002815591624312e+00
1.030002843195461537e+00
1.040002870799298762e+00
1.050002898403135987e+00
1.060002926007001633e+00
1.070002953610838858e+00
1.080002981214676083e+00
1.090003008818513308e+00
1.100003036422350533e+00
1.110003064026187758e+00
1.120003091630024983e+00
1.130003119233862208e+00
1.140003146837699433e+00
1.150003174441536657e+00
1.160003202045373882e+00
1.170003229649211107e+00
1.180003257253048332e+00
1.190003284856913979e+00
1.200003312460751204e+00
1.210003340064588429e+00
1.220003367668425653e+00
1.230003395272262878e+00
1.240003422876100103e+00
1.250003450479937328e+00
1.260003478083774553e+00
1.270003505687611778e+00
1.280003533291449003e+00
1.290003560895286228e+00
1.300003588499123452e+00
1.310003616102989099e+00
1.320003643706826324e+00
1.330003671310663549e+00
1.340003698914500774e+00
1.350003726518337999e+00
1.360003754122175224e+00
1.370003781726012448e+00
1.380003809329849673e+00
1.390003836933686898e+00
1.400003864537524123e+00
1.410003892141361348e+00
1.420003919745198573e+00
1.430003947349035798e+00
1.440003974952901444e+00
1.450004002556738669e+00
1.460004030160575894e+00
1.470004057764413119e+00
1.480004085368250344e+00
1.490004112972087569e+00
1.500004140575924794e+00
1.510004168179762019e+00
1.520004195783599243e+00
1.530004223387436468e+00
1.540004250991273693e+00
1.550004278595110918e+00
1.560004306198976565e+00
1.570004333802813790e+00
1.580004361406651014e+00
1.590004389010488239e+00
1.600004416614325464e+00
1.610004444218162689e+00
1.620004471821999914e+00
1.630004499425837139e+00
1.640004527029674364e+00
1.650004554633511589e+00
1.660004582237348814e+00
1.670004609841186038e+00
1.680004637445051685e+00
1.690004665048888910e+00
1.700004692652726135e+00
1.710004720256563360e+00
1.720004747860400585e+00
1.730004775464237810e+00
1.740004803068075034e+00
1.750004830671912259e+00
1.760004858275749484e+00
1.770004885879586709e+00
1.780004913483423934e+00
1.790004941087261159e+00
1.800004968691098384e+00
1.810004996294964030e+00
1.820005023898801255e+00
1.830005051502638480e+00
1.840005079106475705e+00
1.850005106710312930e+00
1.860005134314150155e+00
1.870005161917987380e+00
1.880005189521824605e+00
1.890005217125661829e+00
1.900005244729499054e+00
1.910005272333336279e+00
1.920005299937173504e+00
1.930005327541039151e+00
1.940005355144876376e+00
1.950005382748713600e+00
1.960005410352550825e+00
1.970005437956388050e+00
1.980005465560225275e+00
1.990005493164062500e+00
