# # Time
2.000000000000000000e+02
2.000200000000000102e+02
2.000399999999999920e+02
2.000600000000000023e+02
2.000800000000000125e+02
2.000999999999999943e+02
2.001200000000000045e+02
2.001400000000000148e+02
2.001599999999999966e+02
2.001800000000000068e+02
2.002000000000000171e+02
2.002199999999999989e+02
2.002400000000000091e+02
2.002599999999999909e+02
2.002800000000000011e+02
2.003000000000000114e+02
2.003199999999999932e+02
2.003400000000000034e+02
2.003600000000000136e+02
2.003799999999999955e+02
2.004000000000000057e+02
2.004200000000000159e+02
2.004399999999999977e+02
2.004600000000000080e+02
2.004800000000000182e+02
2.005000000000000000e+02
2.005200000000000102e+02
2.005399999999999920e+02
2.005600000000000023e+02
2.005800000000000125e+02
2.005999999999999943e+02
2.006200000000000045e+02
2.006400000000000148e+02
2.006599999999999966e+02
2.006800000000000068e+02
2.007000000000000171e+02
2.007199999999999989e+02
2.007400000000000091e+02
2.007599999999999909e+02
2.007800000000000011e+02
2.008000000000000114e+02
2.008199999999999932e+02
2.008400000000000034e+02
2.008600000000000136e+02
2.008799999999999955e+02
2.009000000000000057e+02
2.009200000000000159e+02
2.009399999999999977e+02
2.009600000000000080e+02
2.009800000000000182e+02
2.010000000000000000e+02
2.010200000000000102e+02
2.010399999999999920e+02
2.010600000000000023e+02
2.010800000000000125e+02
2.010999999999999943e+02
2.011200000000000045e+02
2.011400000000000148e+02
2.011599999999999966e+02
2.011800000000000068e+02
2.012000000000000171e+02
2.012199999999999989e+02
2.012400000000000091e+02
2.012599999999999909e+02
2.012800000000000011e+02
2.013000000000000114e+02
2.013199999999999932e+02
2.013400000000000034e+02
2.013600000000000136e+02
2.013799999999999955e+02
2.014000000000000057e+02
2.014200000000000159e+02
2.014399999999999977e+02
2.014600000000000080e+02
2.014800000000000182e+02
2.015000000000000000e+02
2.015200000000000102e+02
2.015399999999999920e+02
2.015600000000000023e+02
2.015800000000000125e+02
2.015999999999999943e+02
2.016200000000000045e+02
2.016400000000000148e+02
2.016599999999999966e+02
2.016800000000000068e+02
2.017000000000000171e+02
2.017199999999999989e+02
2.017400000000000091e+02
2.017599999999999909e+02
2.017800000000000011e+02
2.018000000000000114e+02
2.018199999999999932e+02
2.018400000000000034e+02
2.018600000000000136e+02
2.018799999999999955e+02
2.019000000000000057e+02
2.019200000000000159e+02
2.019399999999999977e+02
2.019600000000000080e+02
2.019800000000000182e+02
