# # Time
0.000000000000000000e+00
1.000010428117548145e-02
2.000020856235096289e-02
3.000031284352644434e-02
4.000041712470192579e-02
5.000052140587740723e-02
6.000062568705288868e-02
7.000072996822837013e-02
8.000083424934700815e-02
9.000093853052248960e-02
1.000010428116979710e-01
1.100011470928734525e-01
1.200012513740489339e-01
1.300013556552244154e-01
1.400014599363998968e-01
1.500015642175753783e-01
1.600016684987508597e-01
1.700017727799263412e-01
1.800018770611018226e-01
1.900019813422773041e-01
2.000020856234527855e-01
2.100021899046282670e-01
2.200022941857469050e-01
2.300023984669223864e-01
2.400025027480978679e-01
2.500026070292733493e-01
2.600027113104488308e-01
2.700028155916243122e-01
2.800029198727997937e-01
2.900030241539752751e-01
3.000031284351507566e-01
3.100032327163262380e-01
3.200033369975017195e-01
3.300034412786772009e-01
3.400035455598526823e-01
3.500036498410281638e-01
3.600037541221468018e-01
3.700038584033222833e-01
3.800039626844977647e-01
3.900040669656732462e-01
4.000041712468487276e-01
4.100042755280242091e-01
4.200043798091996905e-01
4.300044840903751719e-01
4.400045883715506534e-01
4.500046926527261348e-01
4.600047969339016163e-01
4.700049012150770977e-01
4.800050054962525792e-01
4.900051097774280606e-01
5.000052140585466987e-01
5.100053183397221801e-01
5.200054226208976615e-01
5.300055269020731430e-01
5.400056311832486244e-01
5.500057354644241059e-01
5.600058397455995873e-01
5.700059440267750688e-01
5.800060483079505502e-01
5.900061525891260317e-01
6.000062568703015131e-01
6.100063611514769946e-01
6.200064654326524760e-01
6.300065697138279575e-01
6.400066739949465955e-01
6.500067782761220769e-01
6.600068825572975584e-01
6.700069868384730398e-01
6.800070911196485213e-01
6.900071954008240027e-01
7.000072996819994842e-01
7.100074039631749656e-01
7.200075082443504471e-01
7.300076125255259285e-01
7.400077168067014100e-01
7.500078210878768914e-01
7.600079253690523728e-01
7.700080296502278543e-01
7.800081339314033357e-01
7.900082382125219738e-01
8.000083424936974552e-01
8.100084467748729367e-01
8.200085510560484181e-01
8.300086553372238996e-01
8.400087596183993810e-01
8.500088638995748624e-01
8.600089681807503439e-01
8.700090724619258253e-01
8.800091767431013068e-01
8.900092810242767882e-01
9.000093853054522697e-01
9.100094895866277511e-01
9.200095938678032326e-01
9.300096981489218706e-01
9.400098024300973520e-01
9.500099067112728335e-01
9.600100109924483149e-01
9.700101152736237964e-01
9.800102195547992778e-01
9.900103238359747593e-01
1.000010428117150241e+00
1.010010532398325722e+00
1.020010636679501204e+00
1.030010740960676685e+00
1.040010845241852167e+00
1.050010949523027648e+00
1.060011053804203129e+00
1.070011158085321767e+00
1.080011262366497249e+00
1.090011366647672730e+00
1.100011470928848212e+00
1.110011575210023693e+00
1.120011679491199175e+00
1.130011783772374656e+00
1.140011888053550138e+00
1.150011992334725619e+00
1.160012096615901100e+00
1.170012200897076582e+00
1.180012305178252063e+00
1.190012409459427545e+00
1.200012513740603026e+00
1.210012618021721664e+00
1.220012722302897146e+00
1.230012826584072627e+00
1.240012930865248109e+00
1.250013035146423590e+00
1.260013139427599071e+00
1.270013243708774553e+00
1.280013347989950034e+00
1.290013452271125516e+00
1.300013556552300997e+00
1.310013660833476479e+00
1.320013765114651960e+00
1.330013869395827442e+00
1.340013973677002923e+00
1.350014077958178405e+00
1.360014182239297043e+00
1.370014286520472524e+00
1.380014390801648005e+00
1.390014495082823487e+00
1.400014599363998968e+00
1.410014703645174450e+00
1.420014807926349931e+00
1.430014912207525413e+00
1.440015016488700894e+00
1.450015120769876376e+00
1.460015225051051857e+00
1.470015329332227338e+00
1.480015433613402820e+00
1.490015537894578301e+00
1.500015642175696939e+00
1.510015746456872421e+00
1.520015850738047902e+00
1.530015955019223384e+00
1.540016059300398865e+00
1.550016163581574347e+00
1.560016267862749828e+00
1.570016372143925310e+00
1.580016476425100791e+00
1.590016580706276272e+00
1.600016684987451754e+00
1.610016789268627235e+00
1.620016893549802717e+00
1.630016997830978198e+00
1.640017102112096836e+00
1.650017206393272318e+00
1.660017310674447799e+00
1.670017414955623281e+00
1.680017519236798762e+00
1.690017623517974243e+00
1.700017727799149725e+00
1.710017832080325206e+00
1.720017936361500688e+00
1.730018040642676169e+00
1.740018144923851651e+00
1.750018249205027132e+00
1.760018353486202614e+00
1.770018457767378095e+00
1.780018562048496733e+00
1.790018666329672214e+00
1.800018770610847696e+00
1.810018874892023177e+00
1.820018979173198659e+00
1.830019083454374140e+00
1.840019187735549622e+00
1.850019292016725103e+00
1.860019396297900585e+00
1.870019500579076066e+00
1.880019604860251548e+00
1.890019709141427029e+00
1.900019813422602510e+00
1.910019917703777992e+00
1.920020021984896630e+00
1.930020126266072111e+00
1.940020230547247593e+00
1.950020334828423074e+00
1.960020439109598556e+00
1.970020543390774037e+00
1.980020647671949519e+00
1.990020751953125000e+00
