# # Time
0.000000000000000000e+00
9.999999999990905053e-03
1.999999999998181011e-02
2.999999999997271516e-02
3.999999999996362021e-02
4.999999999995452526e-02
5.999999999994543032e-02
7.000000000005002221e-02
8.000000000004092726e-02
9.000000000003183231e-02
1.000000000000227374e-01
1.100000000000136424e-01
1.200000000000045475e-01
1.299999999999954525e-01
1.399999999999863576e-01
1.499999999999772626e-01
1.599999999999681677e-01
1.699999999999590727e-01
1.799999999999499778e-01
1.900000000000545697e-01
2.000000000000454747e-01
2.100000000000363798e-01
2.200000000000272848e-01
2.300000000000181899e-01
2.400000000000090949e-01
2.500000000000000000e-01
2.599999999999909051e-01
2.699999999999818101e-01
2.799999999999727152e-01
2.899999999999636202e-01
2.999999999999545253e-01
3.099999999999454303e-01
3.200000000000500222e-01
3.300000000000409273e-01
3.400000000000318323e-01
3.500000000000227374e-01
3.600000000000136424e-01
3.700000000000045475e-01
3.799999999999954525e-01
3.899999999999863576e-01
3.999999999999772626e-01
4.099999999999681677e-01
4.199999999999590727e-01
4.299999999999499778e-01
4.400000000000545697e-01
4.500000000000454747e-01
4.600000000000363798e-01
4.700000000000272848e-01
4.800000000000181899e-01
4.900000000000090949e-01
5.000000000000000000e-01
5.099999999999909051e-01
5.199999999999818101e-01
5.299999999999727152e-01
5.399999999999636202e-01
5.499999999999545253e-01
5.600000000000591172e-01
5.700000000000500222e-01
5.800000000000409273e-01
5.900000000000318323e-01
6.000000000000227374e-01
6.100000000000136424e-01
6.200000000000045475e-01
6.299999999999954525e-01
6.399999999999863576e-01
6.499999999999772626e-01
6.599999999999681677e-01
6.699999999999590727e-01
6.799999999999499778e-01
6.900000000000545697e-01
7.000000000000454747e-01
7.100000000000363798e-01
7.200000000000272848e-01
7.300000000000181899e-01
7.400000000000090949e-01
7.500000000000000000e-01
7.599999999999909051e-01
7.699999999999818101e-01
7.799999999999727152e-01
7.899999999999636202e-01
7.999999999999545253e-01
8.100000000000591172e-01
8.200000000000500222e-01
8.300000000000409273e-01
8.400000000000318323e-01
8.500000000000227374e-01
8.600000000000136424e-01
8.700000000000045475e-01
8.799999999999954525e-01
8.899999999999863576e-01
8.999999999999772626e-01
9.099999999999681677e-01
9.199999999999590727e-01
9.299999999999499778e-01
9.400000000000545697e-01
9.500000000000454747e-01
9.600000000000363798e-01
9.700000000000272848e-01
9.800000000000181899e-01
9.900000000000090949e-01
1.000000000000000000e+00
1.009999999999990905e+00
1.019999999999981810e+00
1.029999999999972715e+00
1.039999999999963620e+00
1.049999999999954525e+00
1.060000000000059117e+00
1.070000000000050022e+00
1.080000000000040927e+00
1.090000000000031832e+00
1.100000000000022737e+00
1.110000000000013642e+00
1.120000000000004547e+00
1.129999999999995453e+00
1.139999999999986358e+00
1.149999999999977263e+00
1.159999999999968168e+00
1.169999999999959073e+00
1.179999999999949978e+00
1.190000000000054570e+00
1.200000000000045475e+00
1.210000000000036380e+00
1.220000000000027285e+00
1.230000000000018190e+00
1.240000000000009095e+00
1.250000000000000000e+00
1.259999999999990905e+00
1.269999999999981810e+00
1.279999999999972715e+00
1.289999999999963620e+00
1.299999999999954525e+00
1.310000000000059117e+00
1.320000000000050022e+00
1.330000000000040927e+00
1.340000000000031832e+00
1.350000000000022737e+00
1.360000000000013642e+00
1.370000000000004547e+00
1.379999999999995453e+00
1.389999999999986358e+00
1.399999999999977263e+00
1.409999999999968168e+00
1.419999999999959073e+00
1.429999999999949978e+00
1.440000000000054570e+00
1.450000000000045475e+00
1.460000000000036380e+00
1.470000000000027285e+00
1.480000000000018190e+00
1.490000000000009095e+00
1.500000000000000000e+00
1.509999999999990905e+00
1.519999999999981810e+00
1.529999999999972715e+00
1.539999999999963620e+00
1.549999999999954525e+00
1.560000000000059117e+00
1.570000000000050022e+00
1.580000000000040927e+00
1.590000000000031832e+00
1.600000000000022737e+00
1.610000000000013642e+00
1.620000000000004547e+00
1.629999999999995453e+00
1.639999999999986358e+00
1.649999999999977263e+00
1.659999999999968168e+00
1.669999999999959073e+00
1.680000000000063665e+00
1.690000000000054570e+00
1.700000000000045475e+00
1.710000000000036380e+00
1.720000000000027285e+00
1.730000000000018190e+00
1.740000000000009095e+00
1.750000000000000000e+00
1.759999999999990905e+00
1.769999999999981810e+00
1.779999999999972715e+00
1.789999999999963620e+00
1.799999999999954525e+00
1.810000000000059117e+00
1.820000000000050022e+00
1.830000000000040927e+00
1.840000000000031832e+00
1.850000000000022737e+00
1.860000000000013642e+00
1.870000000000004547e+00
1.879999999999995453e+00
1.889999999999986358e+00
1.899999999999977263e+00
1.909999999999968168e+00
1.919999999999959073e+00
1.930000000000063665e+00
1.940000000000054570e+00
1.950000000000045475e+00
1.960000000000036380e+00
1.970000000000027285e+00
1.980000000000018190e+00
1.990000000000009095e+00
